7.925841631660253128e-01 2.123667411554047035e+00 1.454528974062267332e+00 1.923757916403522117e+00 1.521462355440885483e+00 3.045852978410141354e+00
7.222016123857230019e-01 1.692291495157068670e+00 1.047137418637486439e+00 1.363445736836192523e+00 1.172784731281928394e+00 2.387337438830741121e+00
3.397128122511107184e-01 7.747939509562031812e-01 5.793684481410573683e-01 7.764997237191106905e-01 6.076986060712493698e-01 1.106434018281821086e+00
5.455177311941687979e-01 1.488174871178044256e+00 8.867555107905599199e-01 1.135684430030700742e+00 9.652385076547354004e-01 2.127756697054821622e+00
2.872319724766707605e-01 6.128794142716306181e-01 1.616053712401238074e-01 2.690964190966543268e-01 4.022017273574741703e-01 6.695741291556156494e-01
1.830376191011545139e-01 3.084436341138213633e-01 1.711296421994694117e-01 2.743654434474467885e-01 2.789547214808471010e-01 3.130813870203273952e-01
9.466088261553882999e-02 1.417083566001649531e-01 4.405044615581119039e-02 8.017358910072472367e-02 1.167110108465548718e-01 1.422056416859736605e-01
4.570332197929807272e-01 6.330822086178083952e-01 1.559336701501071176e-01 3.332735268565467646e-01 5.295889100040089836e-01 5.290520376849863204e-01
2.414588302653514429e+00 1.688448995466976132e+00 5.882547943910925170e-01 7.998148133743808730e-01 1.696306459698879054e+00 9.031455206216372211e-01
1.485232108742936763e+00 8.574988541423615995e-01 5.904760812613371046e-01 7.073596294440388510e-01 1.031760831747658536e+00 3.811791515908476424e-01
1.247912935443338256e+00 5.479454606613740619e-01 3.829010237437794339e-01 1.885471600569230410e-01 5.452657087576994188e-01 1.525952106884898574e-01
1.749056506284462076e+00 1.071944435057976541e+00 5.122226329251813315e-01 6.335971389383260322e-01 1.183122330187279303e+00 4.847144255621214093e-01
1.004446150777929869e+00 1.083741130559390475e+00 1.508603866517943537e-01 1.847645717622515005e-01 7.337163366927031971e-01 9.055226390192553376e-01
5.362404972699121863e-01 4.355292301113909970e-01 3.374665620550393874e-01 2.827371531310590158e-01 3.504026093683453302e-01 3.917159153276741357e-01
6.467440896805880524e-01 9.064047594494971660e-01 1.081225195918446291e-01 7.970537967679383606e-02 4.728432245531190015e-01 9.815544572530221501e-01
1.349255857821137550e+00 3.244332455840374774e+00 2.124288919379617169e-01 1.656128461849594391e+00 2.675630349368542937e+00 2.592468846658555037e+00
1.312511239179671563e+01 4.008247383478598991e+00 6.046341494475788281e+00 2.231225672370763746e+00 4.220286400033454122e+00 7.885290796947939107e-01
1.890678381841693678e+00 2.532020673773954789e-01 1.929362692812582658e+00 9.012069416684468370e-01 3.199792521650417498e-01 2.146991761485183559e-01
8.064658071311118448e+00 1.632432617934887364e+00 5.559288417161994289e+00 1.986657574080377131e+00 1.704780692754282789e+00 4.687563331700562719e-01
4.931335213821549601e+00 1.723750823211178007e+00 2.655904693432953767e+00 1.295531613284338190e+00 1.776654542160923889e+00 6.105259669324897276e-01
3.848483630413238599e-01 4.057547208073513656e-01 3.315751129815094345e-01 4.292255434719302043e-01 4.076804028300247684e-01 3.253535352585151252e-01
1.994365364521888950e-01 7.547435328456067460e-02 2.358141816584559403e-01 1.976483944435009910e-01 9.708223629005738320e-02 7.083513314294094532e-02
2.362214554492930441e-01 2.072662065991652813e-01 2.559638125003895204e-01 2.397930857161598428e-01 1.889431723748634107e-01 1.910143493406801785e-01
7.251137933701669036e-01 4.045916068588321091e-01 5.916524626251150609e-01 5.870422345977505119e-01 5.050277205047465356e-01 2.629074018792171841e-01
1.249271854240681323e+00 3.969888171201302107e+00 1.038936710864053925e+00 9.731736335821731254e-01 1.572224758681422196e+00 5.796195674036640710e+00
8.392893424585562423e-01 3.642348019060706488e+00 1.422674363802284070e+00 1.549044677163193606e+00 1.561784820993074252e+00 5.682241977784490139e+00
3.293776461684401746e-01 1.159868657747078702e+00 6.431982115674157452e-01 7.942920043623662441e-01 6.692613898119954552e-01 1.745576934916898582e+00
1.075731982602935677e+00 3.251471697743975042e+00 1.142298587786211073e+00 7.432911035278703116e-01 1.061116406392774270e+00 4.978234657074272818e+00
2.026613343106962173e-01 4.958166550433418251e-01 1.321949281946628030e-01 1.617478531810582765e-01 2.509923606209384372e-01 6.301777175822206312e-01
3.797020763569706192e-01 4.710014974525028597e-01 2.268803575530979888e-01 2.890920200586740707e-01 3.576744545071989800e-01 5.290018883862503962e-01
1.334835257519527973e-01 2.367197683411070841e-01 4.863285735381325803e-02 4.954598680001107147e-02 1.233024418167183445e-01 2.570231830648223026e-01
5.531063917493913573e-01 6.734487646298900065e-01 2.149195136768315695e-01 3.434167212997345509e-01 5.326188129452980036e-01 6.511981081314163200e-01
3.534928623317817653e+00 2.302772892772519508e+00 2.392944660806420876e-01 2.047369893859018186e-01 2.018211861256462569e+00 1.070812961256923490e+00
3.421975859557847777e+00 1.959687106003941359e+00 4.579248722774464930e-01 3.535211947137396060e-01 1.857191912863539685e+00 8.167913432808809882e-01
1.247592911605939880e+00 9.477284975044619753e-01 4.604298674413075387e-01 6.127977401263754453e-01 9.631841429516584396e-01 5.568677247917102058e-01
4.324876845355371202e+00 2.848170415668259015e+00 1.779695245194571618e-01 7.509517982619651200e-02 2.409223444254863900e+00 1.318357306069011248e+00
6.485145101273369628e-01 9.987363263913897615e-01 1.022457896028109714e-01 5.336818434314620496e-02 4.727717006911517084e-01 1.145710683820713838e+00
4.084057493591320420e-01 7.560880363433969409e-01 1.712587674816093419e-01 1.215491202404294646e-01 3.335320571788470412e-01 9.772498917737891810e-01
8.236226455708324234e-01 1.818407473601787894e+00 2.542020342644551456e-01 1.244844262387544281e-01 6.992402456787725207e-01 2.410958520435782404e+00
6.187714017460108629e-01 1.080227317254127462e+00 2.169516346782454086e-01 3.932960787265880054e-01 7.091988653189211789e-01 1.134041322724202772e+00
5.780734036615993610e+00 1.516764189839131749e+00 3.703269533204756492e+00 1.466106468175193855e+00 1.509488058312079106e+00 6.081400997477588444e-01
2.076209251376479603e+00 2.323446480049911056e-01 2.300393445288505756e+00 1.013341851517102432e+00 2.522808946708897659e-01 3.062689184579248103e-01
5.588530511963402780e+00 4.350680916937322285e-01 5.729116632279914967e+00 2.263895635778257365e+00 5.137169487932076173e-01 4.709854888003755513e-01
4.329667774157067939e+00 5.620780368409172834e-01 4.052915147834479370e+00 1.711742524942124533e+00 6.763028145574674355e-01 3.656539058883853111e-01
1.865016218448156682e-01 2.069741563400593898e-01 1.582905552130307869e-01 1.987432095385895936e-01 1.913135016871980176e-01 1.841736930306102360e-01
3.180595181382015468e-01 1.042986877693200531e-01 3.982440003837098841e-01 2.381477646966816131e-01 1.031112143930225655e-01 1.122301069454387928e-01
4.929715344169806612e-01 3.178319934278456826e-01 5.173581801179152340e-01 3.650571534442313970e-01 2.490426839184057273e-01 3.721337330665067666e-01
5.068213224269852990e-01 4.358477465845379539e-01 7.330629886486292879e-01 7.166249099069069706e-01 4.591550713072408696e-01 4.280368854312499027e-01
6.394162428786129837e-01 1.566541036690850985e+00 2.428932180890454706e+00 3.579910706163077272e+00 2.114235023076272757e+00 2.304217546845302778e+00
4.280879001856633392e-01 1.379243448132283500e+00 5.003724642974850312e+00 7.498370792100272908e+00 3.681985603070416779e+00 2.409022456113987243e+00
2.725359879890645876e-01 6.312771018467353557e-01 2.564698224944060634e+00 3.874542195159992541e+00 1.914085792419502052e+00 1.052101838369221554e+00
4.925384463158888892e-01 1.040578589877982463e+00 2.161250639887331015e+00 3.181136746101810076e+00 1.766524564894477844e+00 1.531406581826643798e+00
2.109958446839081958e-01 3.969244576528582202e-01 1.397494214394928436e-01 1.767191897688380198e-01 2.500407938293422450e-01 4.470307458679394497e-01
2.097689675808476206e-01 4.246936907928668403e-01 2.695782776249944224e-01 3.849075973426989150e-01 3.334120533293413180e-01 4.992299920625767884e-01
7.762338540815902355e-02 1.788125492427481700e-01 1.339241333227189634e-01 1.777470273625766928e-01 1.342862509090287648e-01 2.458962899315157435e-01
1.727205659277737393e-01 3.143751245744406675e-01 1.528593834639200566e-01 2.737008685854924739e-01 2.804631880160281532e-01 3.390957328654781167e-01
1.356675496003142634e+00 8.507947509466503577e-01 1.330111982936959647e+00 1.913165904521398897e+00 1.534155664338453295e+00 4.534534381174995521e-01
1.558832841538673630e+00 9.390653118670004851e-01 2.052113575596715478e+00 2.866669063739065937e+00 1.992523363333930764e+00 5.468583718740032129e-01
9.929097484599080925e-01 8.366924757861313733e-01 1.437030406479047118e+00 2.059328157633834699e+00 1.442035343554922466e+00 5.733528959046689799e-01
1.895881119215210742e+00 1.108311212959556480e+00 1.095841199092776996e+00 1.414213165157283791e+00 1.538687099802725999e+00 5.094973900437667069e-01
5.516514419118847545e-01 6.862516815954446958e-01 1.052337034469322252e-01 7.384223462783084946e-02 3.791627211041641576e-01 7.334436820580455541e-01
2.335143960572229616e-01 3.126562706067399500e-01 1.766102603124337644e-01 1.967205058328318490e-01 2.238124262844601309e-01 3.356175735445884323e-01
5.215295158779568174e-01 8.291737589613649151e-01 1.350322925896338677e-01 7.432279622574600175e-02 3.890660302925394998e-01 9.791481741101184522e-01
4.563531913317116495e-01 5.629046831101156556e-01 1.000610217940513802e-01 1.451288314347416453e-01 3.740109442336490564e-01 5.450077708634988305e-01
7.333652809944687156e+00 9.469081305819252448e-01 6.010302618378231543e+00 2.284473538465722431e+00 1.171487625680156075e+00 2.707725344273362866e-01
1.567560155721082982e+00 1.450330636587235933e-01 1.914200041972925925e+00 9.240679102227512542e-01 2.113532500884169885e-01 1.811629529176072839e-01
4.744204720352549920e+00 8.761856677135400340e-02 5.147957872926742340e+00 1.977572457526437288e+00 2.275826275474198690e-01 1.993585394064298633e-01
4.216245280555005692e+00 3.012884649746889187e-01 4.054536759216018638e+00 1.657075512624187619e+00 5.118297487046946648e-01 1.035403274711690080e-01
1.456451274961240716e-01 1.099563694893953697e-01 1.485374608013688424e-01 1.464285506664212699e-01 1.085566236827687214e-01 1.070290658930547895e-01
1.034462116842222446e-01 6.181219417560959717e-02 1.559440824960756367e-01 1.531564152728916162e-01 8.751376339592867315e-02 5.182455843193792960e-02
2.662102022564362125e-01 1.920100500903229035e-01 2.965756315851825198e-01 2.556808661589646814e-01 1.863073145145996146e-01 2.153958443298381598e-01
3.263121471472075763e-01 1.320263996010774821e-01 5.446109689683522603e-01 3.997697835373525965e-01 1.802230248220945130e-01 1.320585265802653174e-01
1.166199547281029369e+00 2.243243781749145960e+00 1.192839854737304695e+00 1.543110263994561304e+00 1.554173762299704720e+00 2.907581355481403840e+00
8.949133752455857849e-01 2.312047872934278825e+00 2.029733262587971154e+00 2.800826145243885179e+00 1.982271618960179449e+00 3.350240193899071794e+00
1.599771115578211278e-01 5.212362663499124915e-01 3.908863424548600918e-01 5.257950173410899097e-01 3.803495081757410912e-01 7.804470511698667901e-01
1.066120612591458849e+00 2.337809343042519750e+00 9.464622449454985764e-01 1.193502189871870733e+00 1.378200588934124449e+00 3.110089545823798485e+00
2.004821364736776523e+00 1.729120170562286285e+00 1.819621205379710338e-01 5.628422667004600033e-01 1.615480958750689311e+00 8.840043530905909996e-01
4.747695306602065513e-01 9.417513100025959316e-01 2.550444407231673982e-01 6.173077068004975132e-01 7.873104160101416227e-01 8.931829563831109597e-01
5.563958004656034684e-02 1.558101775441159687e-01 6.666794257811353708e-02 1.244213598533858850e-01 1.164936988401264473e-01 2.080654673932278431e-01
2.510758814693013541e+00 2.826324193189800660e+00 2.271132902094739059e-01 1.139477263283338981e+00 2.565559182997115606e+00 1.674446212834400649e+00
1.831637653905948460e+00 1.308536575331461060e+00 2.917008316236160415e-01 3.590302006114014510e-01 1.201243790804230382e+00 6.284414537018434554e-01
1.774100912118115714e+00 1.225207534571882473e+00 6.151250453632117754e-01 7.969556588748125669e-01 1.304653227267272175e+00 6.782053404843990663e-01
5.107793557545077245e-01 3.422246260304579457e-01 2.898488260322376608e-01 3.213426470219101772e-01 3.874101416896847949e-01 1.812440328304987247e-01
2.477143199030381826e+00 1.758522244881644436e+00 2.677825423126430349e-01 3.889667932742757461e-01 1.601552110306520227e+00 8.570789679733030741e-01
1.144377059028427679e+00 3.824356481237710881e+00 1.601236696080886590e-01 1.969278813587407528e+00 3.047121280019104983e+00 3.285759916219010535e+00
3.809140917999128684e-01 8.415771181611301222e-01 2.078697929408461209e-01 5.103644687983737160e-01 6.740152868981013068e-01 7.821674412737285031e-01
6.669901334102095181e-01 1.016686477684502599e+00 7.976469717429240935e-02 2.340472438783499642e-01 6.661572177064158939e-01 9.857405197416508891e-01
8.766713323071492203e-01 2.542348243210342584e+00 1.244657623919329659e-01 1.290136459702781346e+00 2.037138318602594644e+00 2.167951970214821777e+00
5.899862135621808612e+00 3.709627056775627540e+00 2.925841572001621760e+00 2.344196200310862288e+00 3.412380146618576138e+00 2.175660249335855223e+00
2.228328696071251613e+00 1.022099838409415984e+00 2.326296734999901528e+00 1.554444218124877208e+00 9.736169728608726759e-01 8.864851324681795042e-01
2.988017675938732243e+00 1.180252908019298941e+00 2.189339774756298596e+00 1.261181921551967511e+00 1.141204886324186152e+00 7.524606448706473438e-01
4.690349022614572760e+00 1.985418355110673438e+00 4.156322885843410475e+00 2.620644702549585592e+00 1.914591995212015174e+00 1.492587603818573694e+00
4.685927846644156181e-01 1.739220168458106786e+00 8.585424050368459237e-02 9.708294975255501447e-01 1.440034149374887829e+00 1.413996070846771369e+00
2.084832099564699337e-01 6.140791396187720297e-01 2.188704668892672567e-01 5.583514006179876032e-01 5.753790064729835674e-01 5.346198969920666899e-01
4.043230229045767787e-01 8.948115843730706231e-01 3.094684670125620318e-01 6.725975368108629837e-01 7.717475288002063616e-01 8.101932960257997030e-01
1.108744821062016550e+00 3.444469712398424033e+00 7.530157144336512287e-01 2.429847682760168937e+00 2.945512926451171687e+00 2.940228364297262420e+00
