3.812972122224586258e+00 1.665178670531898719e+00 1.163595663072412023e-01 4.765445412224410759e+00 3.402898158076760993e+00 2.099499354650760985e+00
2.934526167744291314e+00 1.262028763263555842e+00 6.567449557635390844e-02 3.892237288992084654e+00 2.384415013084336454e+00 1.605075079203096777e+00
1.417012641913739213e+00 6.783401278046961025e-01 2.133624679190430223e-02 1.761980028029884071e+00 1.313065642179289672e+00 8.527203745928023659e-01
2.609998340002981365e+00 1.004797015448302577e+00 8.675097693173527968e-02 3.405691913480460187e+00 2.057873346371417611e+00 1.315196166281159762e+00
7.098242588633089101e-01 5.010401508950323990e-01 7.913223934701510420e-02 1.012424834834460885e+00 4.699552231437458261e-01 4.392148039537959736e-01
3.553208279625569288e-01 3.843227915483222179e-01 8.057754355866303397e-02 4.157798233133053745e-01 4.938063704530195608e-01 3.189485177668183180e-01
1.390687022567865805e-01 1.540148077024460216e-01 2.026854834652053877e-02 2.431025271774774343e-01 1.388570304118099952e-01 1.186663075031340608e-01
5.022073613955011506e-01 7.533130709982440720e-01 1.362635824717131627e-01 7.791048280881176513e-01 6.280483396398879314e-01 5.225595814512182802e-01
7.351231113106787562e-01 2.445457494410156585e+00 4.909258459509970862e-01 2.818795991393387546e+00 1.692914865273961622e+00 1.748685048643084272e+00
3.914313876360713262e-01 1.499595320971660595e+00 4.844637534937111800e-01 1.388856581637048837e+00 1.465481836527220638e+00 1.122125885735316686e+00
1.625486506996146885e-01 7.438113434375632771e-01 9.947002399785048743e-01 7.067501046757342920e-01 2.511134103140731932e-01 5.361114512169576907e-01
3.835806396928284068e-01 1.733007931336189689e+00 5.143353660739835576e-01 1.704495908269159310e+00 1.234770715020697684e+00 1.244782547979139009e+00
8.167325757393237851e-01 9.674245495053488408e-01 2.753630618016733589e-01 1.938145622778356447e+00 4.157304270051964679e-01 7.062402591763438098e-01
4.004590301766253746e-01 4.724879283074703284e-01 6.456909223161975131e-01 6.627835850087290259e-01 3.910729064895831497e-01 3.599106967950069236e-01
8.778724197771922144e-01 5.558344537513649763e-01 1.041623049635801990e-01 2.123485021000876216e+00 2.616968701662474306e-01 4.659836394587706376e-01
2.701216760149141471e+00 3.852317247209396722e+00 4.404111273109000968e-01 1.225500919395601684e+00 3.597593067133390665e+00 2.329523023465555287e+00
8.203815897191080175e-01 5.768848242617694133e+00 1.552858304186787564e+01 6.270241906594268499e+00 7.239955689206236666e-01 4.304482836622197439e+00
2.621810199096774041e-01 4.653437820038132666e-01 4.777514029065162759e+00 2.757925775924607303e-01 4.224711339471952098e-01 2.932255005327178976e-01
5.033519116960831763e-01 2.312650683822347286e+00 1.437701196710029805e+01 2.872247524301176469e+00 1.950945599580576062e-01 1.658371064626417368e+00
7.103097684331368677e-01 2.464153376489857106e+00 6.794467670418138816e+00 1.870874600615488825e+00 9.170058585899982795e-01 1.737518405856800507e+00
3.575394430541626867e-01 6.075197089446913168e-01 5.331354508801297021e-01 2.502914674740342460e-01 8.531575005309389725e-01 3.786578775717884815e-01
9.188185964926762206e-02 1.656024772855666516e-01 4.713765564611246961e-01 2.216980789131445945e-02 2.372120758527974937e-01 1.083596796800069539e-01
2.212022290401850777e-01 2.717705454845630308e-01 4.384885979530098732e-01 2.249485360331068828e-01 4.097117346694375550e-01 1.934631777549869758e-01
2.905709605396490369e-01 7.664493676155967883e-01 1.085363199731234962e+00 2.313081706129061776e-01 9.842792984241330867e-01 4.917420250918785318e-01
6.332757580215073290e+00 1.149630534980344621e+00 1.785955212499688027e-01 1.025260485762877671e+01 1.237243538754418948e+00 2.100055101824248371e+00
6.741010216957800338e+00 1.049195246238705304e+00 1.940561164771007763e-01 9.078929752775776407e+00 2.252177252637804106e+00 2.296228005645163606e+00
2.143455559617355899e+00 6.174459721720577665e-01 4.930903054211457220e-02 2.757147000572134576e+00 1.317383031807663363e+00 9.580081886673343927e-01
4.924563660898173545e+00 7.731658090008628470e-01 1.246862191179107349e+00 9.269633595033518247e+00 6.012416182776297857e-01 1.328946639438113309e+00
7.178090246796609009e-01 2.407103623524608771e-01 7.744595389242349415e-02 1.012162700527274195e+00 2.429374655214389944e-01 3.011060054856294910e-01
6.033986383697433897e-01 4.379734086360090317e-01 8.015495261690400164e-02 9.976155819233029076e-01 4.408086985414298997e-01 4.493950760970994995e-01
2.589694077922094495e-01 1.348450785947618580e-01 1.493484398122363679e-02 5.347255469294225350e-01 7.472911097078349663e-02 1.401579905500241474e-01
6.709084563984908378e-01 7.051715892654312201e-01 1.196350580953562670e-01 1.174727943783599127e+00 5.924838124409276263e-01 5.816348420418031573e-01
7.338035952061016109e-01 2.803829330794664454e+00 3.167500985890942533e-01 4.329341928561243336e+00 6.200216883113558453e-01 2.047324982459449050e+00
5.050232794217991428e-01 2.613435946602094440e+00 5.331466634364561141e-01 4.004147949739403245e+00 8.760962508825679285e-01 1.930067110721041423e+00
4.952422524419193284e-01 1.428997794129289067e+00 6.144880454718361085e-01 1.207458202588930440e+00 1.125198012538002335e+00 9.756918589563674526e-01
8.856321133150268921e-01 3.322945198214101392e+00 3.090733311123076699e-01 5.409518602579167279e+00 4.047612053622404726e-01 2.442300454286384870e+00
9.034820073119497197e-01 5.788989927833987359e-01 1.705621059623558811e-01 2.552253970622175849e+00 1.515328438380263709e-01 4.222539668324596374e-01
8.552517772578952515e-01 3.723289995007652564e-01 2.704437597538744686e-01 1.927116808627378886e+00 1.624685609541453302e-01 3.201171025366872924e-01
2.056141841451185392e+00 7.338352065220560272e-01 1.915799549881856967e-01 5.133419736548449741e+00 1.540018301972755077e-01 6.979633244664944502e-01
1.188567248431912748e+00 8.798933022549371152e-01 1.101453239104892845e-01 1.815719586279991304e+00 7.290352975656966272e-01 7.485226796919529635e-01
5.885042170412009277e-01 2.079662713729215628e+00 9.523688480684135982e+00 2.479811506595205994e+00 3.983681775849152173e-01 1.473565772750584424e+00
4.707212599070689230e-01 3.002895533925311611e-01 5.711230769872337909e+00 2.540900694986292785e-01 3.241455583295472787e-01 2.474603231101420164e-01
6.678885503484102149e-01 6.465991840097169430e-01 1.440262220678502736e+01 1.090764268797807413e+00 2.479245780502208896e-01 5.103358264214368223e-01
4.363566318620357709e-01 9.452217768362455308e-01 1.016147215048897579e+01 9.516469797392095309e-01 5.011298647423848562e-01 6.377622023269546858e-01
2.047080199700503922e-01 2.743507973485917462e-01 2.690729842195618282e-01 1.557599717289470109e-01 3.805878303969848497e-01 1.825213494736129538e-01
1.528179808902579984e-01 1.448697060962371164e-01 9.149078982350440370e-01 3.250297866196876634e-02 1.842109648764669039e-01 1.105244218615043100e-01
4.274482171368970684e-01 3.236969282385451230e-01 1.028185439463441542e+00 5.314743732389193287e-01 3.348323877168685181e-01 2.855348635058730933e-01
5.319031531225477671e-01 6.755884133651857137e-01 1.413169709277067643e+00 8.225950553075361826e-02 8.602221456903754726e-01 4.799223614899841839e-01
3.365855909341203933e+00 2.840610641928387636e+00 4.436145038978987071e-02 2.873578836620801269e+00 6.717573879977357443e+00 2.945146861023807627e+00
3.708102570497691541e+00 5.716482419244693247e+00 6.161657019200765528e-02 2.804956193831314337e+00 1.426230567903417779e+01 5.121759394001284882e+00
1.616842806887422324e+00 3.051891321930967127e+00 1.332664947961852316e-02 1.304038392903207555e+00 7.278422188700000461e+00 2.654203787987881924e+00
2.349212324937401952e+00 2.507446823024975124e+00 1.224559393663359336e-01 1.810675984258917293e+00 6.034397657326669773e+00 2.444149071088239644e+00
4.489827129848760201e-01 3.111160974463082485e-01 8.067349249093760943e-02 8.123396086652252546e-01 2.365718147101673330e-01 2.971247407911592475e-01
6.137731589986366032e-01 4.252631054833326818e-01 1.189285834796348779e-01 6.956488328855761072e-01 6.990733205985232290e-01 4.149490889710000241e-01
3.137905473532591194e-01 1.598473683982468418e-01 2.025301956588943658e-02 3.741796526157981084e-01 3.833003683454470067e-01 1.758051775484462675e-01
3.824469877049210820e-01 3.759329207925442007e-01 6.378872437315594168e-02 4.329655209240328984e-01 5.612632635636459755e-01 2.922895822843237790e-01
6.434296831629422453e-01 2.385095002571887779e+00 5.056611492526779106e-01 1.036977917575912400e+00 3.671565750162419040e+00 1.828415551172429598e+00
7.585743042833874572e-01 3.194500965501174683e+00 9.829537246558740504e-01 1.078607525940199707e+00 5.402922876733285307e+00 2.387818540548945379e+00
6.674570725987412079e-01 2.336793972556430177e+00 1.198161963462404778e+00 3.551484182096375508e-01 3.874895838622198774e+00 1.563500532298119472e+00
6.263506898029647108e-01 2.296746939968833612e+00 9.021347924149719644e-01 1.365068527539595511e+00 2.643761483721687178e+00 1.728569383406827864e+00
6.655174087684836426e-01 4.475120621094350604e-01 1.448081303774811368e-01 1.582495720603204648e+00 1.302017535900181211e-01 3.867119398944189879e-01
3.759971774723428473e-01 2.818417571568530011e-01 2.211944366987161903e-01 5.279467000909772167e-01 2.788655285930202732e-01 2.552644388546852494e-01
8.905284574592741142e-01 4.226425206164122761e-01 1.163715789494315922e-01 2.119979012622705383e+00 9.484568928083822459e-02 4.132319292755292084e-01
5.323634541897949157e-01 4.657241221205239423e-01 1.583708966768605508e-01 9.757942989785297616e-01 2.461005897157218236e-01 3.807774668100581961e-01
3.550189093127792961e-01 1.618547070793420195e+00 1.529408530975207370e+01 1.841412226223487325e+00 2.700896916785979762e-01 1.152211786474956146e+00
3.180215603196219765e-01 2.869546414389488320e-01 4.552238382949882478e+00 8.685724006984070489e-02 4.738546469970819075e-01 2.324470246437233822e-01
4.414867584097945108e-01 2.474076777765956692e-01 1.302928969711274476e+01 3.578192120501795803e-01 1.989083681568393491e-01 2.000104942647920603e-01
1.915934681901823866e-01 7.429282816251836508e-01 1.010976313208128374e+01 6.285428101729920725e-01 3.710484429105340709e-01 5.096922707329397673e-01
1.141906813845527391e-01 1.683793252889833059e-01 2.750870556339393702e-01 1.138224483034708523e-01 1.322245804261953928e-01 1.236499466758853444e-01
7.007409255763999423e-02 1.314301747983405710e-01 2.452312469564308095e-01 3.668882475526535902e-02 2.021530043409367483e-01 1.057382168613479612e-01
2.440610393439799630e-01 2.550905648092809397e-01 4.435220556221697308e-01 3.646990456898654420e-01 2.129663600772751519e-01 2.492015555144395100e-01
1.657112663302480471e-01 2.795875912964373988e-01 1.107960236356876127e+00 1.506410027433528233e-02 2.770950934803063093e-01 2.228859973965310048e-01
3.504443674024838806e+00 1.721261061928101244e+00 1.307878546150851307e-01 4.940837848412635402e+00 2.761528936379951116e+00 2.026989043922486911e+00
4.412187322015218349e+00 2.301103783376990286e+00 6.395529697272449299e-02 4.997173435097719718e+00 5.096861357162162598e+00 2.766232878929359984e+00
1.012216212505120172e+00 4.018221178913541358e-01 2.848097433744177856e-02 1.168837003401484109e+00 9.689593392008257755e-01 5.196065399801669260e-01
3.574043429451572607e+00 1.429771338543020853e+00 2.111104192354451292e-01 5.226124930058982265e+00 2.040137647892045436e+00 1.746491832786926546e+00
8.595074023936069008e-01 2.281512002622262170e+00 2.274605102844158289e-01 1.776094347545825514e+00 1.349757228487660887e+00 1.561447808825029870e+00
9.000152826122489458e-01 1.125841076648923966e+00 1.240657126593797677e-01 1.034653217633582312e+00 1.202472983184444510e+00 7.800915483784049975e-01
2.141049133122705506e-01 1.594170170041377954e-01 3.002794021940172545e-02 2.585179185560183002e-01 2.714458207482161045e-01 1.127991098693738314e-01
1.748885084271013746e+00 3.649855821667867151e+00 3.390118659609340224e-01 1.931017057974616868e+00 2.687318490753522582e+00 2.388935515734391224e+00
5.713572363458172543e-01 1.684231018763009402e+00 6.045554272733895118e-01 1.642773001777177555e+00 8.076107647454511262e-01 1.168587776237990816e+00
6.538606397020344518e-01 1.882933568943547353e+00 4.696366925952353277e-01 1.984676011994890965e+00 1.598203134515130852e+00 1.402203827783200518e+00
1.942804009708834767e-01 5.719599668821180316e-01 4.842125821025472510e-01 2.682059785059780488e-01 5.355470075336528080e-01 3.956286068720274440e-01
6.879152574729359149e-01 2.255583739686537470e+00 3.810198617235885377e-01 2.704163380112055037e+00 9.261799749978555374e-01 1.600144433959341139e+00
3.273379600871062500e+00 4.431869911239497029e+00 6.247818647111134938e-02 1.955622915665557571e+00 4.368098938513337970e+00 2.626719162873095925e+00
7.708959188757108505e-01 9.699614497092459153e-01 2.162008451847003132e-01 7.953052913471931884e-01 9.558033564012606842e-01 6.338427066580053504e-01
9.470298513636190574e-01 8.528259673284398490e-01 4.345086562231383065e-02 1.687327804315776891e+00 4.798216392942299402e-01 6.515643408539152359e-01
2.168118590092828146e+00 2.949293502001631762e+00 1.551805326315970346e-01 1.292005511291019149e+00 2.871914999459455942e+00 1.748462873097806014e+00
2.411544121226047110e+00 4.800768633890153403e+00 7.647825556288744053e+00 2.247155039476806504e+00 3.044781611281154543e+00 3.138255009838009091e+00
1.005370456597304507e+00 1.431429819852117369e+00 5.716264847336630872e+00 2.083060109706786900e-01 1.482780416495228071e+00 8.490772655328454599e-01
8.231445880205887633e-01 1.617934107261637999e+00 5.527851076422921395e+00 9.274338727491500123e-01 1.105022335143072132e+00 1.039582615772932872e+00
1.721179993329134961e+00 2.758011452459599333e+00 1.043460664174426888e+01 6.865168378310340103e-01 2.502589409503912510e+00 1.673134136071460221e+00
1.543264360909555766e+00 2.076591975521254074e+00 2.027271839069723913e-01 1.928683543573408710e-01 2.050688849606001174e+00 1.238581647186858259e+00
5.791105105599674285e-01 8.646381654158674657e-01 2.982592725408931278e-01 6.089607840584143617e-02 1.033764222465083149e+00 5.287735757584556273e-01
8.042638203222561843e-01 1.143284998511613804e+00 4.982189043111830973e-01 4.851754141102393447e-01 1.329924470198781794e+00 6.737750427275294163e-01
3.221676935049454737e+00 4.310972197107124870e+00 1.577055587005683268e+00 1.301940239395982246e-01 4.834835404572941364e+00 2.520506950040257266e+00
