3.832271325052472033e-01 1.482956739470806307e+00 3.529653958844714445e+00 7.841519897706594300e+00 5.968733769897931474e-01
3.237902740866395179e-01 1.031531410544027194e+00 2.542273954244647527e+00 6.194453279545606428e+00 5.693744601810110106e-01
1.388061640698440846e-01 5.352295524727739284e-01 1.452607604808485497e+00 2.901547598027416797e+00 2.788986494229030999e-01
2.545171336425583464e-01 8.905291199627745069e-01 2.100027916088188285e+00 5.496821450007406185e+00 4.118774117563291370e-01
3.649139970256621845e-01 6.859101245924817958e-01 3.181505969809554912e-01 1.301564665380938735e+00 2.615361068984186632e-01
2.282792669328141677e-01 4.840161317388061435e-01 3.887084192348999045e-01 5.437722200298977793e-01 1.734857454480380201e-01
1.052536276617566657e-01 1.745963906807846966e-01 1.052753299313852198e-01 2.527328035980601073e-01 9.752908824677204713e-02
5.876987987201264252e-01 9.950415705809935174e-01 3.023643726411611721e-01 6.654972663160082513e-01 4.691605796106035342e-01
1.783831403362422297e+00 1.393749186574509746e+00 1.298150200345964400e+00 1.559272086570361093e+00 2.850858823061253933e+00
9.927903427622736254e-01 7.236257201249103321e-01 1.285175302982575651e+00 7.436680329753220242e-01 1.758891156691990254e+00
8.782449162783388941e-01 3.281934728900353093e-01 3.046639305126245811e-01 1.346922890231350145e-01 1.455315934510174269e+00
1.260176505086596066e+00 9.571615710542498157e-01 1.065144027845615904e+00 7.468884928845649362e-01 2.061208152262160365e+00
8.734022038620066208e-01 7.980085463685742120e-01 1.446182383413756600e-01 1.753014450176058059e+00 1.125625972347731985e+00
4.867428417708734023e-01 5.276624244706565880e-01 3.748712327374145170e-01 6.650834187064831315e-01 5.519113023262636197e-01
4.526111236824040818e-01 3.401443427307392353e-01 1.232094406252174090e-01 2.328729555156328068e+00 6.688908557547537104e-01
3.562682692786735661e+00 7.635861754344055896e+00 2.163310506808417966e-01 7.576147723520827437e-01 1.030136743300358759e+00
8.413141605964510106e+00 9.309723737953595757e-01 4.536540952853266084e+00 1.225278952702146151e+00 1.499601116598982031e+01
1.377742036332304298e+00 5.872739076890092225e-01 1.457289767121802582e+00 1.229854461020480627e-01 1.865424353089592868e+00
5.190152815300887568e+00 3.579908902844671781e-01 3.803423835559149868e+00 8.246010069317162294e-01 8.751278977114720803e+00
3.656909122170061810e+00 1.710560554910368625e+00 1.966399255607568675e+00 2.106028428913374329e-01 5.421033571614046309e+00
5.296691535459665534e-01 9.429132543115241738e-01 4.732934088815394791e-01 2.030335854089081460e-01 3.697016805653197125e-01
1.851819262929486343e-01 2.405136878100408160e-01 2.793988731613697429e-01 3.963921198709799421e-02 1.730223948868993555e-01
2.600833836477255412e-01 3.722682753620851770e-01 3.248422770265991799e-01 2.709906798466199529e-01 2.482035449274795913e-01
7.279116970675736376e-01 9.873599356179916242e-01 7.875804978327243244e-01 3.479484904233489523e-02 7.129662020517507637e-01
5.071456950062384061e-01 8.701788362347528949e-01 1.980112111024708188e+00 1.509787077391306909e+01 8.309099650580558105e-01
1.848733588600176003e-01 1.126723352317424265e+00 3.020989702544596867e+00 1.489909838163117684e+01 2.724039384367725747e-01
1.062531420975865587e-01 5.695274466167375982e-01 1.499677849051663348e+00 4.570785446516668848e+00 2.028106746537840788e-01
4.820798423158161317e-01 6.207401518864257284e-01 1.482545260228620432e+00 1.292351072432023962e+01 6.060053022511451282e-01
1.815096825612833864e-01 3.046968609858280441e-01 2.300278006640155692e-01 1.485037584468954286e+00 1.708394401409557561e-01
2.340942110988842306e-01 3.044554458091818239e-01 5.194883160877056261e-01 1.289004282616738717e+00 3.762830986784261866e-01
9.564698858546642757e-02 7.495848996432481759e-02 8.511542010314321338e-02 6.486867410222005859e-01 1.517702322347734833e-01
4.887582189476932237e-01 6.987077500525897822e-01 4.729052674283146240e-01 1.276151855628258502e+00 5.545772176476395643e-01
2.322153762926119747e+00 7.238280836003393448e-01 5.141561365428990449e-01 2.292123537772920550e+00 4.314035105964654448e+00
2.044111065502299152e+00 3.208994848184802962e-01 9.626539259825628303e-01 2.066404407483982464e+00 4.171771109559592183e+00
1.131376429768726322e+00 1.289392886826185247e+00 8.042479540723586062e-01 5.938649790305785547e-01 1.407360291900849880e+00
2.825037056393820745e+00 7.083507404634776794e-01 3.566186642967760223e-01 2.897158643524360588e+00 5.315605434427668641e+00
4.679607975828031785e-01 3.741886780082570585e-01 6.182339181914606185e-02 2.704108134740047742e+00 6.362199522741573965e-01
3.187515798900053543e-01 3.631275718694703114e-01 1.566212223767448619e-01 2.295469947041968162e+00 3.331543002123962260e-01
4.882810502163748012e-01 3.710943692576545438e-01 2.627590525940700639e-01 6.096708255972814960e+00 7.187219111155386253e-01
6.738751951301793497e-01 1.113869140974521610e+00 4.246095323134357336e-01 2.208071333108318157e+00 5.913314827307640797e-01
3.868813753884194906e+00 8.052658498718654467e-01 2.620172885116301309e+00 8.922555725107237379e-01 6.268248090148841989e+00
1.475872469802482545e+00 5.049035862168519406e-01 1.689033463024393056e+00 4.302596219902168895e-01 2.013990089364759317e+00
3.610541615108302516e+00 3.335086082748958680e-01 4.089939380409590264e+00 9.850434339179058307e-01 5.580371662749844752e+00
2.931854219555355634e+00 6.827999019334327624e-01 2.972580757301946708e+00 4.355910580937757404e-01 4.401793312901559396e+00
2.497452236835864259e-01 4.334023280943026246e-01 2.279790537369372483e-01 1.743669190158962934e-01 1.714299889698865376e-01
2.969412251347794407e-01 2.876304887143059097e-01 3.362582102669479656e-01 9.330075237204540906e-02 3.006917174910119783e-01
4.089839119174586424e-01 4.200374681586731551e-01 5.630893886458772091e-01 7.178064669292372191e-01 4.685888425681028480e-01
7.387975428812483258e-01 1.311146033691832802e+00 8.601580868884117770e-01 2.285830629198688790e-01 4.143749519035209161e-01
3.281731886602511361e-01 2.694970603392763842e+00 6.389068101147064915e+00 5.776831647501891709e+00 4.349858002703673177e-01
7.235406697245380658e-02 5.082478344839928219e+00 1.343784846161442559e+01 6.222752235102986695e+00 1.274875089578010323e-01
7.793854750378743923e-02 2.616914654292624043e+00 6.942707327125034134e+00 2.714066851609172826e+00 1.612487829521846716e-01
2.565175066985586616e-01 2.300056475278291046e+00 5.678163108926716163e+00 3.851544223450837912e+00 3.634417973157511583e-01
2.010932470352282952e-01 3.118073405494571348e-01 2.644728730514654957e-01 1.001946907680502985e+00 2.137089165406881319e-01
2.111461191996946152e-01 5.031787851496949404e-01 6.046050729652202582e-01 1.081384230649180989e+00 1.851436193800670149e-01
4.381767385703921880e-02 1.396559327718587817e-01 3.188793474399803651e-01 6.273266075061098013e-01 6.571772926146735028e-02
2.312185278593425486e-01 5.218323539179716697e-01 3.576196798016153533e-01 5.713273053269019019e-01 1.444026265867309478e-01
1.017173540639965346e+00 1.778849626360678116e+00 3.301076384922271512e+00 6.775444181963823365e-01 1.575190522717128783e+00
1.239472123686105709e+00 2.609805799755313682e+00 4.900489822129888040e+00 7.032202838364316477e-01 1.751355911066525328e+00
1.263473817432127611e+00 2.845253831043429216e+00 3.026528590090205029e+00 3.560097952907864682e-02 9.723898371928002549e-01
1.431483180984592707e+00 1.624750216643161771e+00 2.366164905364599669e+00 6.348300403180345830e-01 2.197213448576898820e+00
3.807559612769514934e-01 2.603669730286397588e-01 1.213426391675995752e-01 1.730761920565133671e+00 5.650047594388122318e-01
2.300508391714981837e-01 3.272762910728671537e-01 2.801142516598464360e-01 6.855755234406590848e-01 2.254776771351436615e-01
3.252577178863863550e-01 1.775810667601150916e-01 1.712835738073075764e-01 2.463405692859319096e+00 5.294272134499812266e-01
4.150090353122433684e-01 5.154959916280061893e-01 1.322866565035342723e-01 1.038257620325312214e+00 4.515178808444680336e-01
4.664746490009568092e+00 2.717521131544651247e-01 4.284250255365588345e+00 4.502901600221638767e-01 7.709749586673146027e+00
1.135740431135116246e+00 4.401158457894504550e-01 1.554685691814810422e+00 2.192217777121984457e-01 1.552992521578080209e+00
3.024716965863480933e+00 1.157570042367639662e-01 3.610719239402924163e+00 4.126155014361401197e-01 4.675117488700071711e+00
2.718292435549627850e+00 2.767673545891775611e-01 3.014287251181678950e+00 9.715218848362250359e-02 4.310760964388553163e+00
1.560987540509034266e-01 2.424244155519866273e-01 1.891087324152469495e-01 1.226807393869634721e-01 1.311124644365109226e-01
1.109684005275248936e-01 1.693597951270216506e-01 2.347366172484269264e-01 5.277741981904958413e-02 1.045961911086964735e-01
2.082675286112373181e-01 2.396717492608702593e-01 4.325058099976263337e-01 4.564293641215106945e-01 2.739407454204478287e-01
3.772870791869508134e-01 4.714413285114590346e-01 5.770713424068629749e-01 5.505631771754757736e-02 3.264445841660436054e-01
6.587556279483934851e-01 1.338569286003926662e+00 2.844533181703184699e+00 7.391894133806616196e+00 1.092836199085186921e+00
3.789651354338440803e-01 2.040319938695563717e+00 5.136453211261966523e+00 8.678369709938163368e+00 6.606228430418391584e-01
6.231816026814494813e-02 3.750734891063681742e-01 9.632071310465117886e-01 2.034702553515670420e+00 9.689452216238997329e-02
6.812470341280252306e-01 1.338056115070524577e+00 2.098651963682550914e+00 7.700943123681735614e+00 8.865026228786687668e-01
1.968914271213888956e+00 2.212168095049810823e+00 4.066930160449508391e-01 6.354406419317117916e-01 2.328037123733508018e+00
8.178587696395884787e-01 1.749196763658103393e+00 5.690853968317028944e-01 1.105230418690423377e+00 3.952540458088099062e-01
9.812662408508508738e-02 2.727248561224062673e-01 1.426254663225935415e-01 3.609291028438006421e-01 1.106271735308395412e-02
3.250783572732457216e+00 4.914268879530048650e+00 4.537738980239403030e-01 5.711149482138325739e-01 2.747583797499995040e+00
1.554779418954604697e+00 1.268679672555240057e+00 3.685107935198432827e-01 6.605909958890350264e-01 2.165457342971813137e+00
1.289377941298949448e+00 1.078961258303133608e+00 1.356971874400366929e+00 1.246755066420432989e+00 2.104063832567953707e+00
5.078322342480368068e-01 6.321965047012814143e-01 4.096305585912298763e-01 5.226948355253999839e-02 5.663403039977743525e-01
1.900026628306564991e+00 1.285100532609951163e+00 5.119400982865995875e-01 1.304916775878712576e+00 2.956463518474958807e+00
3.865165403207275308e+00 8.921194432789507189e+00 3.195978594649451776e-01 1.638628185420931249e+00 6.801637415891316207e-01
7.881382981895332929e-01 1.674660409844552778e+00 3.629160893590238635e-01 8.073703209125315805e-01 3.068856058332537495e-01
7.190940653632720281e-01 1.041817373327628804e+00 1.342186121997439863e-01 1.783669769891285561e+00 6.495183717925989697e-01
2.623304756765851842e+00 5.900686882566526847e+00 1.848292619554284533e-01 1.043931797193798250e+00 5.627766673814513787e-01
6.057893751286282935e+00 6.644393008235331521e+00 2.038301002203557477e+00 3.466703333744091120e-01 6.142269350762648905e+00
2.436202565509407059e+00 2.901432403765673129e+00 1.770009108151062938e+00 7.815794990941829501e-02 2.048138558953429111e+00
2.604243666272946012e+00 2.123919758021993509e+00 1.605992122283267598e+00 2.892371040545355099e-01 3.036329427377824963e+00
4.677179731322012479e+00 4.871640882399137951e+00 3.032849267128042481e+00 6.074722434577292662e-02 4.516609678126894956e+00
1.964543248526952501e+00 4.590818700152547116e+00 4.090174166148495549e-02 7.018179415913196328e-02 2.336318804512766412e-01
7.405804108661540042e-01 1.808452331236805044e+00 3.586822050151596830e-01 4.649734018998634422e-02 8.841714304650176437e-02
1.006928505034698107e+00 2.233782268864686671e+00 4.305833834208003807e-01 4.337282846721881580e-01 2.704428186496589115e-01
4.162314119329430184e+00 9.750178805114007474e+00 7.753944892275568268e-01 8.026857899697691090e-02 4.556637367367910030e-01
