5.097845642046405779e-01 7.252797123700890580e+00 3.581147168220388810e-01
3.909539957545551392e-01 5.540906829084523366e+00 2.903681361323359189e-01
1.312412746160328547e-01 2.845628962863916644e+00 1.247510238963299017e-01
3.598223200767745045e-01 4.732250228280125981e+00 2.545361010085605002e-01
5.835759349148166297e-01 9.583598639996648849e-01 2.358965299485788203e-01
3.388661326734566104e-01 6.326943489143113108e-01 1.448947139748640311e-01
1.461690224842248920e-01 2.341461203448899908e-01 6.367280576715478313e-02
8.637926411397961468e-01 6.529703991258790641e-01 3.513447301564989189e-01
1.465868845391012254e+00 2.513771940333984212e+00 1.045447462260148841e+00
6.479710181034603611e-01 1.833758977945797675e+00 6.104827205128726675e-01
6.584268102989426774e-01 3.481696645214292785e-01 6.517444549583680802e-01
9.887620908801435515e-01 1.690605121309931791e+00 7.577501550652578910e-01
9.769660873380807686e-01 1.169574233562256538e+00 5.520882357195542323e-01
5.662867901115004043e-01 5.659909737610328007e-01 3.917188293204723615e-01
5.043566062673744410e-01 1.391574105057657107e+00 3.141874107875806121e-01
6.508594768222944360e+00 4.243847472882547600e-01 2.021676608129207242e+00
5.204962592339317240e+00 2.914728622560512683e+00 7.361737072932238668e+00
1.217155599026134460e+00 8.650398756698395031e-02 1.638013374272675016e+00
3.420396275035250788e+00 8.239402122956951402e-01 5.470178247834937224e+00
3.086073268307647055e+00 7.510395286166772211e-01 3.216058636402615356e+00
7.891145044404903608e-01 4.067493133270650985e-01 3.872730169381803922e-01
2.222846380161954127e-01 1.413277061439527083e-01 1.864137460866076568e-01
3.318346442945313557e-01 3.272078985847891586e-01 2.264035162259857015e-01
8.840887880764203288e-01 4.975820740267095088e-01 5.869507303285529387e-01
9.505150898702963147e-01 9.431068004789533887e+00 6.340657421797009086e-01
6.754119820520183559e-01 1.014443585664809788e+01 4.509649569180514406e-01
2.117266470056692329e-01 3.678745721058648499e+00 1.562597505763058670e-01
9.574761415536163778e-01 7.432792507580133545e+00 7.837097094121914242e-01
2.869228273188557110e-01 9.562654189220631817e-01 1.451023488948972873e-01
2.223883629366367187e-01 1.184123075284616577e+00 1.629619415828484352e-01
1.036255278589421902e-01 4.322883839958080454e-01 6.410254376494477213e-02
6.032363273322258745e-01 1.154590832966813307e+00 3.072969119149652206e-01
1.507797336122425946e+00 2.618621126309786717e+00 1.314186717627867651e+00
1.021815162860154391e+00 2.821817043493954014e+00 1.194087083025789919e+00
1.215606886979406998e+00 1.147433303220732004e+00 7.162107302645275286e-01
1.794472178713561572e+00 3.040607104387635928e+00 1.588153127778009654e+00
5.757071364302557281e-01 1.477088579426334647e+00 3.472000776352754947e-01
4.715965202024074987e-01 1.253206816568715798e+00 2.727168244019329002e-01
6.863345325928090768e-01 3.363700709765982566e+00 4.352506610506476914e-01
1.014923355307959296e+00 1.564376168853317317e+00 4.283798727540082396e-01
2.808719843962101503e+00 9.169901200658341356e-01 3.861329649456895829e+00
1.281574240140965770e+00 1.438137140628175381e-01 1.874197509533194195e+00
2.626366302137438602e+00 3.212618992043750898e-01 4.656998522255815232e+00
2.276807187763253637e+00 2.847315046860250387e-01 3.484366555075635752e+00
3.718422762576858442e-01 2.248452395550783467e-01 1.872838401964737332e-01
3.455629482285297316e-01 8.618599657732529951e-02 3.332683909280654833e-01
4.638050246175702829e-01 6.009479174129442880e-01 4.263034728214250557e-01
1.126262949216418896e+00 4.485037505049592754e-01 6.614230396623186348e-01
3.645857472097001617e-01 8.865976173981909625e+00 2.275177215986668167e-01
0.000000000000000000e+00 1.541340453492695950e+01 9.317703763714836607e-02
0.000000000000000000e+00 7.740895644562717060e+00 5.849022295197747745e-02
1.992122666095676453e-01 7.210740384607195352e+00 1.670463239790086485e-01
2.739678482170754270e-01 7.611669005976513525e-01 1.391334294122444915e-01
3.122032161075339873e-01 1.086895374120500080e+00 1.560084841654070242e-01
5.645041592972158129e-02 6.133081056003547582e-01 3.467651187927288381e-02
3.741679323988740813e-01 6.126283712172637674e-01 1.442819502448776103e-01
7.748303576936316217e-01 3.604561580557430922e+00 5.971490706444588792e-01
1.022562094704266400e+00 4.962252449538010701e+00 7.831628781592174793e-01
1.705067178551562312e+00 2.568485466712838949e+00 8.617548105768388922e-01
1.170048075645045538e+00 2.725229263991602480e+00 9.063239314672727476e-01
4.068206822606155182e-01 1.053311881245299952e+00 2.640004799056994700e-01
2.922569445229923346e-01 5.679734727230097979e-01 1.750237471568279468e-01
3.409645895403977667e-01 1.467216916582459341e+00 2.467665339928459822e-01
5.497552062783062077e-01 6.765984528390095454e-01 2.754490127439265246e-01
3.094661644066194039e+00 4.689024066682158098e-01 5.363161592840800296e+00
9.650232829791839384e-01 2.357271009480583213e-01 1.464132031662059630e+00
2.150058903928412146e+00 0.000000000000000000e+00 4.067027704627498963e+00
1.883191439157000824e+00 1.709848909990607513e-01 3.348300628945525936e+00
2.137922565687968846e-01 1.600578328063547717e-01 1.377914290331604119e-01
1.249439977812533686e-01 1.753742190641200960e-01 1.045827114769589811e-01
2.061130701295116330e-01 5.275997829591693167e-01 1.991121912518734050e-01
4.537776125178654696e-01 2.192055933819949676e-01 4.058434627749202273e-01
7.190311177359257622e-01 6.515165724422509186e+00 5.056097824624719017e-01
4.526148637551754006e-01 9.191879561124967069e+00 3.450033732097240735e-01
9.426759569191076049e-02 1.911362323571211608e+00 7.390356898493979920e-02
9.609141129124318947e-01 5.880118961894176266e+00 5.554959321842327657e-01
2.241321038751451944e+00 1.154085982702964586e+00 1.093718001351809299e+00
1.390344009006358572e+00 1.081583679467200909e+00 4.809116245193070238e-01
1.924211898286760092e-01 2.962494639660811502e-01 6.785401635053114888e-02
4.541257178838729480e+00 1.145624532046117139e+00 1.803562176180532051e+00
1.518538243298688473e+00 9.752212171657863582e-01 9.418374805105955705e-01
1.012419974736459505e+00 2.235484013441291218e+00 7.705992551976024174e-01
5.797355329610547336e-01 3.594127840467978841e-01 3.589243247196661768e-01
1.640052032520554981e+00 1.727969078514799861e+00 1.088745952118674643e+00
7.437850561555724660e+00 9.338517707661682099e-01 2.158062773788383737e+00
1.390301931709157612e+00 6.827942601695863312e-01 4.772505761369983945e-01
1.039070615174933154e+00 1.127099236056414044e+00 4.307658049441079884e-01
4.958229239238924890e+00 5.822704359385353357e-01 1.470557708785503959e+00
7.410089423442535406e+00 5.849203656540313823e-01 4.679223351548632337e+00
3.194008528267071156e+00 7.181404183937499519e-03 2.377697345704510745e+00
2.815099991478530850e+00 2.824815463848877051e-01 2.437421351542532033e+00
5.716171666526142836e+00 0.000000000000000000e+00 4.461425259781975683e+00
3.809931764438537982e+00 0.000000000000000000e+00 1.088583885007859520e+00
1.426323390997338514e+00 2.090500679871115652e-01 4.554985384404725557e-01
1.844422849331547765e+00 4.249525064897971549e-01 6.449169863120678414e-01
8.063911821440250094e+00 2.127666438690724304e-02 2.539503563794509144e+00
