MutationType	Sig1	Sig2	Sig3	Sig4	Sig5	Sig6	Sig7	Sig8	Sig9
C>A	115.48285000	2271.08640000	3221.18120000	1009.59350000	2628.72340000	1651.50110000	4345.63000000	3453.42000000	1996.38200000
C>A	83.59790000	2719.06400000	3804.58940000	1229.65880000	3157.46880000	2033.82320000	5171.00400000	4242.51270000	2402.01270000
C>A	25.85948200	344.64465000	493.83362000	154.15144000	406.73917000	242.70996000	645.44700000	520.87430000	301.67584000
C>A	301.70996000	12926.75300000	17840.63700000	6250.50300000	15143.09000000	9968.71900000	24128.31400000	20599.31000000	11692.04700000
C>A	163.60620000	4338.85000000	6059.13430000	2028.14620000	5093.30860000	3217.12770000	8187.17870000	6770.03560000	3861.99580000
C>A	142.91791000	2794.18330000	3886.78740000	1270.98770000	3246.00830000	1972.71130000	5158.17900000	4276.86470000	2448.92530000
C>A	36.14903300	603.23254000	849.61316000	277.08835000	706.92270000	422.61932000	1118.44570000	926.25024000	533.02295000
C>A	651.05273000	21482.61300000	29770.23000000	10237.81400000	25163.76400000	16360.26200000	39534.59400000	34467.19000000	19478.62500000
C>A	90.42023000	2079.52470000	2916.13100000	937.99680000	2419.85350000	1524.37670000	3945.52220000	3195.03500000	1847.08790000
C>A	86.11969000	2446.49270000	3428.93550000	1110.31370000	2860.61870000	1828.12210000	4558.99800000	3828.67430000	2185.25340000
C>A	23.83099400	281.31537000	402.62780000	119.54327000	328.26575000	192.09580000	520.87590000	417.70010000	245.12288000
C>A	324.82373000	11360.67300000	15825.34200000	5323.26600000	13437.53100000	8775.35700000	21111.03100000	18359.29000000	10354.51600000
C>A	582.78220000	30501.23000000	42348.89500000	14358.90800000	36208.68000000	23664.26400000	58237.87000000	48275.11700000	27567.95300000
C>A	161.63086000	6978.15800000	9686.20500000	3283.25300000	8197.85400000	5309.41800000	13154.16000000	10980.42800000	6285.17330000
C>A	26.35260000	1024.44380000	1420.94130000	480.77478000	1202.28470000	785.46204000	1933.02450000	1597.02400000	923.22473000
C>A	4172.21500000	231096.34000000	320136.60000000	109049.51600000	274508.20000000	178813.83000000	442026.60000000	367287.03000000	208737.75000000
C>G	39.61673000	1063.62940000	1476.19840000	504.30264000	1192.63950000	780.22230000	2013.71400000	1627.65430000	928.80786000
C>G	18.16182000	477.77216000	668.81177000	224.32399000	533.82130000	353.11450000	919.03630000	738.95087000	422.39923000
C>G	6.79188160	96.69242000	135.79768000	43.74476000	106.81555000	67.84875500	187.97038000	152.93442000	84.62852500
C>G	31.75972000	800.06320000	1114.40760000	380.64868000	890.89233000	586.35530000	1541.24040000	1232.58420000	704.03235000
C>G	25.52381100	292.20825000	421.92920000	132.64950000	329.83978000	202.50610000	563.83810000	442.50050000	254.90826000
C>G	21.30589300	259.45270000	371.57092000	115.36748000	292.71143000	181.27673000	506.78003000	396.40620000	227.45485000
C>G	8.13631600	106.17506400	151.40009000	49.91019400	119.27148400	71.17354000	205.69633000	161.22588000	95.58042000
C>G	28.17158500	409.14725000	594.29266000	186.47513000	460.18094000	295.98862000	804.16223000	638.85315000	364.83667000
C>G	21.31578000	524.87510000	732.39330000	247.99458000	595.70840000	381.48712000	987.78970000	803.93005000	462.40793000
C>G	19.55980000	507.46170000	711.91770000	236.05002000	569.36370000	359.39484000	966.40027000	767.75660000	445.12106000
C>G	6.58306900	70.02077000	99.78875000	31.74651700	79.45144000	45.52168300	131.17697000	104.66205600	60.80567000
C>G	20.71612500	593.87210000	829.64343000	285.17462000	674.61240000	441.47577000	1140.64050000	919.52150000	529.38745000
C>G	167.99908000	897.91690000	1331.27720000	573.82184000	1043.88730000	799.99450000	1622.01840000	1465.39610000	922.16187000
C>G	49.81764200	525.68090000	771.66200000	268.15730000	591.51550000	406.44257000	1012.83276000	830.24940000	494.19320000
C>G	10.38412300	89.64823000	132.01276000	46.23784300	104.04508000	68.50024400	170.33401000	140.88885000	86.42023000
C>G	206.46057000	1487.42150000	2177.53610000	868.31885000	1684.42240000	1253.47440000	2737.73660000	2400.76120000	1457.54810000
C>T	250.11120000	5769.80200000	8064.40200000	2712.73950000	6672.14400000	4294.51660000	10744.96900000	9277.29100000	5115.78700000
C>T	234.53809000	6555.00100000	9408.17000000	3295.80180000	7823.50930000	5028.44400000	13077.65500000	10600.93600000	6002.08800000
C>T	374.68774000	10560.62900000	14668.80900000	4700.80960000	12298.09400000	7930.23200000	20056.21000000	17271.12100000	9244.90800000
C>T	219.90283000	8080.44630000	11347.85900000	3936.37260000	9525.68600000	6246.89060000	15624.40100000	12924.58600000	7314.58000000
C>T	502.97388000	6181.09860000	9356.03200000	3460.43700000	7545.30200000	4654.27600000	13148.87400000	10253.47200000	5912.83940000
C>T	624.63306000	8345.76000000	12567.56100000	4686.02100000	10244.52000000	6271.31840000	17685.30700000	13836.37700000	7944.87200000
C>T	201.00476000	6106.94100000	8444.28900000	2812.72070000	7029.76900000	4434.76070000	11722.19700000	9828.13500000	5326.65770000
C>T	547.83840000	8992.05600000	13403.55700000	4789.62400000	10891.86800000	6882.78760000	18645.71900000	14759.03200000	8464.29300000
C>T	356.22485000	7631.38000000	10807.49200000	3517.15380000	8983.38300000	5827.25100000	14235.03100000	12516.00800000	6871.33150000
C>T	445.75293000	15927.87600000	22490.11700000	7439.21300000	18894.76600000	12077.14400000	30669.58200000	25667.86000000	14355.95700000
C>T	600.93506000	18360.10400000	25910.39800000	8125.21100000	21849.06600000	13916.80500000	35600.24200000	30098.79300000	16307.00000000
C>T	386.33838000	17411.33000000	24475.21900000	8084.88400000	20657.98800000	13272.74400000	33643.68400000	27858.31600000	15667.13400000
C>T	1457.15280000	18199.05700000	28252.20500000	10156.15200000	22394.81600000	14346.29500000	39025.06600000	30132.54300000	17898.31200000
C>T	2371.92190000	32505.01200000	49156.47000000	17902.96900000	39923.25000000	24850.81200000	69853.97000000	53268.72700000	31139.12700000
C>T	1027.28320000	48546.67600000	67867.57000000	22041.88500000	57458.47700000	36492.67600000	95460.27000000	76427.18000000	43067.84000000
C>T	1014.41797000	36384.54000000	52077.02300000	17901.03100000	43567.95300000	27964.20300000	72883.53000000	58412.48400000	33382.97700000
T>A	60.10684200	1828.90970000	2551.66260000	848.82960000	2010.49050000	1282.38220000	3448.75560000	2813.74730000	1631.39940000
T>A	56.59344500	1155.48100000	1561.14640000	544.93506000	1204.74370000	757.02010000	2007.48570000	1634.93710000	1059.14180000
T>A	34.10116600	626.15210000	871.42210000	271.25345000	673.02466000	436.29900000	1184.16050000	961.85960000	526.23760000
T>A	144.87244000	6469.37940000	8994.15900000	3171.41630000	7423.55900000	4805.50240000	12285.49800000	10219.43200000	5830.21040000
T>A	41.91813700	724.42840000	1006.99817000	310.72375000	772.62350000	477.78406000	1320.72800000	1094.08000000	596.22960000
T>A	48.51754800	1291.24330000	1787.36230000	601.90750000	1431.65750000	927.54297000	2387.70400000	2028.50320000	1151.00240000
T>A	68.50348000	997.30750000	1387.49680000	428.76953000	1092.90260000	670.79565000	1787.53370000	1468.73030000	823.30580000
T>A	83.82580600	2361.72500000	3279.62520000	1123.66930000	2670.42260000	1735.48830000	4427.79000000	3832.89380000	2134.49980000
T>A	27.18665300	499.99590000	696.68384000	217.18620000	527.59690000	325.06018000	894.64056000	731.66230000	422.94476000
T>A	38.27395600	826.14770000	1114.40230000	387.34730000	868.84590000	560.31580000	1393.66990000	1192.75020000	764.81665000
T>A	31.20639000	439.39276000	616.13947000	192.45645000	467.96620000	287.11360000	776.75360000	628.32410000	372.18880000
T>A	33.00003000	1152.45690000	1598.61650000	550.57660000	1296.80600000	843.71857000	2150.31880000	1817.08390000	1041.99840000
T>A	58.69482400	2218.82600000	3068.02370000	1030.17750000	2479.39430000	1570.30320000	4233.09860000	3457.10910000	1945.92900000
T>A	34.83194000	1297.96890000	1801.10620000	618.06950000	1452.50780000	957.28330000	2426.69480000	2022.31640000	1174.08620000
T>A	31.90142800	1013.77893000	1406.97020000	471.00920000	1130.80740000	731.52966000	1889.42650000	1575.17850000	880.53357000
T>A	172.73132000	6984.97560000	9799.43200000	3488.07370000	8084.67140000	5326.50830000	13382.54200000	11130.67900000	6397.48100000
T>C	230.42651000	11097.76000000	15240.46800000	5246.20400000	12651.36200000	8240.94300000	20794.02500000	17331.73000000	9870.68200000
T>C	117.27331500	5903.69630000	8090.14940000	2850.16750000	6810.16200000	4472.18260000	11101.05100000	9322.57500000	5306.94240000
T>C	147.55627000	6265.26700000	8593.20000000	3042.71920000	7127.45600000	4646.95600000	11650.02100000	9874.20600000	5606.17330000
T>C	205.69897000	10060.80000000	13677.07100000	4921.10940000	11492.13300000	7596.61330000	18788.28300000	15751.27700000	9025.32600000
T>C	85.12292500	3002.79980000	4136.54150000	1456.11160000	3327.56370000	2117.95460000	5485.58600000	4650.32800000	2696.56790000
T>C	104.76410000	3672.67190000	5085.04740000	1783.88130000	4190.44900000	2726.68920000	6875.09130000	5972.93550000	3353.87100000
T>C	117.55859000	3827.28610000	5284.29250000	1861.77090000	4288.03030000	2705.64140000	6988.45300000	6102.55960000	3429.23200000
T>C	227.84570000	6417.66800000	8844.91700000	3155.34520000	7274.21200000	4624.41400000	11895.67200000	10543.13500000	5904.17800000
T>C	264.23047000	12982.99300000	17897.54300000	5983.36570000	14869.96500000	9494.63100000	24279.62100000	20311.06200000	11520.02300000
T>C	195.67041000	10463.94700000	14460.93100000	4840.68400000	12231.53400000	7867.51460000	19909.09800000	16572.85000000	9362.58100000
T>C	150.42883000	6734.13100000	9276.52500000	3191.96300000	7641.38870000	4931.17500000	12415.00300000	10621.72400000	6024.74000000
T>C	321.20360000	17264.34200000	23703.83600000	8342.93100000	19935.29700000	12901.91700000	32492.25000000	27153.10400000	15491.99000000
T>C	203.37671000	10366.40600000	14263.00500000	5020.12060000	11878.36200000	7709.51370000	19388.85500000	16212.36000000	9324.14500000
T>C	175.87769000	8877.69000000	12186.35100000	4326.88200000	10213.02400000	6691.62400000	16688.76000000	13966.86500000	8006.59300000
T>C	127.93249500	6272.48730000	8624.26500000	3102.15280000	7216.89360000	4712.70200000	11703.51900000	9891.48500000	5663.23140000
T>C	331.08105000	16077.30400000	21977.09200000	7962.14800000	18444.98000000	12123.45500000	29998.42800000	25225.05500000	14476.51400000
T>G	70.12256000	3881.88130000	5347.96100000	1880.06240000	4541.34670000	3017.63040000	7334.68400000	6163.29800000	3509.92870000
T>G	73.58044400	3839.22920000	5269.90040000	1883.47850000	4476.59380000	2963.53520000	7216.98730000	6103.80660000	3472.65650000
T>G	44.05182000	2216.99800000	3036.58060000	1095.72850000	2574.67400000	1709.25930000	4195.32800000	3522.32600000	1997.02760000
T>G	592.09863000	30132.70000000	41295.13300000	14810.82800000	35263.29000000	23331.14000000	56635.82000000	47933.31200000	27308.66800000
T>G	71.33472000	3839.68750000	5261.88130000	1865.11280000	4477.80800000	2972.57320000	7238.97200000	6059.60800000	3455.25980000
T>G	53.56909000	2232.44040000	3068.23220000	1100.90210000	2575.58600000	1667.36430000	4191.65430000	3603.42580000	2029.01250000
T>G	68.78241000	3336.51800000	4574.52100000	1642.83190000	3863.30620000	2542.22070000	6295.89360000	5280.24760000	3003.34720000
T>G	652.12940000	24386.89000000	33498.56200000	11966.47300000	28426.48400000	18355.44000000	45630.23400000	39645.37000000	22365.57600000
T>G	20.15976000	1153.52550000	1587.52550000	546.08270000	1346.65670000	881.25320000	2188.88870000	1819.02800000	1032.66030000
T>G	36.15710400	1993.15780000	2746.84990000	953.18830000	2334.54740000	1526.90110000	3772.83640000	3185.68380000	1802.58510000
T>G	27.90329000	1274.05860000	1766.40940000	629.24927000	1492.29980000	970.01570000	2466.59960000	2037.47000000	1150.83400000
T>G	161.00635000	6640.61040000	9174.49400000	3235.65000000	7738.36770000	4977.45200000	12562.57000000	10750.62400000	6092.88800000
T>G	210.32910000	11771.90100000	16238.64800000	5590.32500000	13847.16100000	9213.57800000	22260.62300000	18577.41400000	10598.67500000
T>G	127.22851600	7132.13500000	9810.21000000	3413.73340000	8326.85600000	5503.87800000	13504.51500000	11283.14500000	6406.07600000
T>G	57.59704600	3068.33980000	4221.29700000	1479.64060000	3566.43650000	2364.83860000	5815.61100000	4846.39300000	2757.53800000
T>G	2074.97660000	115230.05000000	158677.44000000	55017.53000000	135588.36000000	89562.30500000	218386.64000000	182653.40000000	103814.22000000
