4.986438313306257086e+00 6.764915951012286932e-01 1.524465079301995596e+00 1.019009521166593712e+00 2.959350045681366836e+00
3.880440225851368385e+00 6.226244518408156070e-01 1.095772165562371780e+00 7.165403362208407900e-01 2.322447260922886780e+00
1.954413945726222401e+00 2.907786431795451598e-01 6.140253377121623890e-01 3.912526014376972450e-01 1.074697962521017125e+00
3.314895140647398986e+00 4.637442506297804190e-01 9.161884605774741619e-01 6.073075982617220925e-01 2.066429628877187508e+00
7.751198130557843680e-01 3.962148851665957539e-01 1.565035859757036851e-01 2.770509463804698980e-01 6.639476838009611415e-01
4.609703273360417075e-01 2.402352012123156744e-01 1.817376062562318095e-01 2.254323039674732965e-01 3.125830279173685278e-01
2.063427406422553012e-01 1.245286006533774248e-01 4.507845948669909897e-02 7.485845689684997306e-02 1.334036955513775990e-01
6.254235107682688533e-01 6.446813279177919798e-01 1.597347618815762038e-01 3.852171100273169557e-01 5.245275057312850375e-01
2.618612463798194234e+00 2.891973436716802404e+00 6.259834501426362330e-01 7.017451588965428755e-01 8.539288887494498326e-01
1.697001527813791544e+00 1.657430648499401693e+00 6.401363869237080007e-01 4.821336026104230399e-01 3.503487627352459555e-01
6.798703868735798128e-01 1.226370770682154276e+00 3.783074909587270662e-01 2.610107526748442486e-01 1.336817636296347422e-01
1.750897119249356759e+00 2.014492256666124526e+00 5.514446398322968568e-01 5.283474527180009872e-01 4.502550111662751431e-01
1.283023774661792071e+00 1.238685688750549740e+00 1.251833184934227350e-01 3.066135953017281035e-01 8.836847932099892722e-01
5.336685356087287335e-01 4.794980672908435437e-01 3.359023867673659458e-01 2.983516138633335313e-01 3.892806470175107503e-01
1.294730345470595179e+00 7.351627501508262164e-01 7.990928718578710344e-02 1.328012143245332066e-01 9.498011197986140353e-01
8.885035937361875913e-01 2.774334388714839950e+00 2.079658608688139121e-01 2.588525150836173072e+00 2.688766754329189101e+00
5.969006454568440034e+00 1.058551918811725656e+01 5.977670236236665602e+00 2.688262840523711006e+00 5.321622860679855460e-01
2.770195481363703083e-01 6.429346206513595341e-01 1.917085600623684938e+00 9.435346662504295878e-01 1.904974246690058770e-01
2.433721845581600540e+00 4.719072607920796969e+00 5.479220846409779355e+00 2.269964703929616689e+00 3.258576372410671995e-01
1.873386387059601255e+00 3.840048005446833113e+00 2.634063428024401077e+00 1.605784320795554221e+00 5.421116815000439626e-01
3.365984007604005956e-01 4.127327204206631128e-01 3.431622697179880221e-01 4.427418832760234846e-01 3.336746940590861188e-01
9.148272313565837532e-02 8.994416597336113428e-02 2.427781310873322329e-01 1.782271560127308418e-01 6.950201068379026348e-02
2.595690366059316134e-01 1.953243708149381419e-01 2.574749680582161804e-01 2.210634914120715167e-01 1.894867976516238228e-01
4.380223940639241809e-01 5.983459498663021847e-01 6.162891626239492826e-01 5.665796648495892152e-01 2.633902863244812487e-01
7.203812065976953782e+00 1.010404409452194452e+00 9.221803588155914611e-01 5.512938638656261769e-01 5.639991124292488500e+00
7.288150685746301427e+00 4.186911602437179969e-01 1.370564814366045825e+00 8.016443155881842753e-01 5.536107785451804375e+00
2.568412633322657790e+00 2.348233007196761091e-01 6.543932720546615789e-01 4.064227606444227869e-01 1.700794725884528624e+00
5.674558134417829081e+00 4.968540765402157389e-01 1.010044367950524880e+00 5.189596228932694677e-01 4.850013884073385739e+00
7.605629687175339271e-01 2.232405575725547875e-01 1.200712808111420032e-01 1.389164359317974773e-01 6.200472472113102151e-01
9.239461439257787845e-01 3.906439574698306050e-01 2.381665279345099862e-01 1.825104823279802280e-01 5.108103513777101368e-01
3.662899240103067999e-01 1.646315275600825911e-01 4.061353017942807148e-02 3.608446864857975389e-02 2.576150022754336577e-01
9.887442473965727396e-01 6.560313959165414710e-01 2.236716042564665663e-01 3.115104620480764752e-01 6.349447312722154013e-01
3.385339730327064700e+00 4.287081956006543848e+00 2.244584571651904725e-01 3.337831661524726101e-01 9.789712479401223577e-01
3.353387379182422023e+00 3.948362153734579216e+00 4.693708892294626289e-01 2.972684169509935415e-01 7.231529046180813491e-01
1.191042716476970575e+00 1.466646801005937917e+00 4.830767508119683251e-01 6.129294424907015815e-01 5.356320289556176784e-01
4.092033139589477564e+00 5.292008463903570714e+00 1.377076954064054004e-01 2.987527303108724608e-01 1.205607747035852162e+00
1.381620128582387252e+00 7.078158010199859795e-01 6.161204592078506348e-02 1.484112265455000135e-01 1.106805811207261625e+00
1.068503761998464086e+00 3.714962445274568315e-01 1.438248088658996837e-01 1.625689449119429031e-01 9.570194772803055638e-01
2.840319331677463310e+00 8.091123906711539249e-01 1.764472167912231326e-01 1.584639928830974265e-01 2.342281398664916026e+00
1.350487756509071602e+00 8.106855000624919594e-01 2.065952438160412186e-01 4.337172999404672602e-01 1.118756623471425016e+00
2.055599120747364950e+00 3.717975884652227947e+00 3.653697600089374831e+00 1.710687077292597058e+00 5.034880137482073970e-01
3.016779594230546424e-01 5.158561125374123701e-01 2.277426701281922483e+00 1.053483954201012596e+00 2.797352183268401182e-01
9.014344671303614609e-01 1.584057608891772606e+00 5.665892740045893383e+00 2.317803900531938410e+00 3.816960539797907837e-01
8.313534818746983746e-01 1.668020914288316447e+00 4.016770333098511614e+00 1.796606397551875789e+00 3.009582290259653625e-01
1.831658324043298203e-01 1.914215936343748869e-01 1.617539315130963606e-01 2.097809431767539423e-01 1.859034677037742500e-01
7.611536320053793880e-02 1.041301872249306149e-01 3.966118369906708185e-01 2.466286551356474399e-01 1.141407365441529653e-01
4.826072666856495164e-01 2.610541602578371201e-01 5.169034494942101876e-01 3.345005421501136555e-01 3.605653276719449907e-01
3.009133363751944068e-01 2.986926735379067943e-01 7.467610384414127278e-01 7.210115821098840305e-01 4.412987281835024644e-01
5.438144685141129031e+00 4.943945641422807236e-01 2.690105076060615552e+00 1.863188487535019977e+00 2.237474875663542750e+00
8.707862931031563392e+00 5.425645688187789861e-02 5.631048085934521552e+00 3.753121496345914743e+00 2.335246180914540393e+00
4.363372716740501644e+00 1.225830685221064725e-01 2.895125577576683540e+00 1.935357446549549332e+00 1.015393936746900483e+00
4.290988941501538534e+00 3.582739515398258856e-01 2.407537794226163541e+00 1.639833901770689106e+00 1.491535832323468425e+00
6.104255053268908826e-01 2.556649423632444407e-01 1.356429811166812993e-01 1.466509384431972651e-01 4.393223533544723947e-01
7.655852886612820596e-01 2.394119390702393879e-01 2.816447531778425439e-01 2.692658865150234782e-01 4.893415106809840820e-01
4.192348822159292498e-01 6.955020274015510928e-02 1.411343363439875598e-01 9.594097560134910718e-02 2.382397455468331926e-01
4.542315622495188276e-01 2.228915624415170604e-01 1.634197058010627424e-01 2.326209860564241449e-01 3.366568138163729129e-01
2.502490322113460230e+00 1.517915861923182064e+00 1.485985883138204677e+00 1.149376532075466084e+00 4.218950762783694741e-01
3.201169131154809389e+00 1.610937526590341395e+00 2.283755969389682949e+00 1.725466433618898510e+00 5.232891111763954273e-01
1.594658306025047434e+00 1.046234343178535253e+00 1.576059075089928152e+00 1.539923742976704091e+00 5.880694034090310218e-01
2.269176701533984541e+00 2.081190482056471058e+00 1.197237851595039038e+00 9.968551905033682381e-01 4.736306117383733416e-01
9.937027167282345141e-01 5.955156846015272620e-01 8.649425901775231740e-02 1.120153992784513469e-01 7.118453430279381156e-01
4.565816281493220719e-01 2.369351423700120363e-01 1.758403501077082376e-01 1.733762709571080862e-01 3.317890834994079441e-01
1.296303178071457340e+00 5.582418361941356988e-01 1.047705649750548668e-01 8.520511250809316428e-02 9.487380486307157579e-01
6.664744153771159363e-01 5.302418129790500423e-01 9.262154729693133914e-02 2.021942995044562208e-01 5.332799496689687446e-01
1.662610380890304329e+00 3.400923979312661327e+00 5.951013597574784875e+00 2.425068134879807769e+00 1.429568391255480186e-01
2.604838630756974860e-01 3.499653429487795675e-01 1.901437192674823917e+00 8.862186206425257673e-01 1.664122206599539799e-01
3.837222757595808442e-01 1.027835404118847107e+00 5.094357135060924691e+00 2.022013790844221948e+00 1.203037241656026435e-01
6.769979617580466069e-01 1.485058135688461789e+00 4.026793922503121514e+00 1.665508819727796963e+00 3.817390594878879162e-02
1.238713348063496672e-01 1.022352504998152722e-01 1.526628641766439309e-01 1.405179023690810991e-01 1.060766261663432103e-01
1.130034594030393524e-01 6.528323234701062516e-02 1.607340073396344993e-01 1.202122785688334305e-01 5.408408838836473165e-02
3.934209096639259551e-01 1.778959759530416851e-01 3.032480463989978836e-01 1.905762386430846500e-01 2.070729389784658758e-01
1.563229805192907496e-01 9.227073012760372839e-02 5.460503126638751592e-01 3.683390876603523378e-01 1.331417862474259250e-01
4.752906345790224307e+00 1.176064542079396258e+00 1.232963201704551981e+00 8.659675467062817322e-01 2.824953764016401525e+00
6.105112611359768238e+00 7.290039670823398321e-01 2.178143416144572519e+00 1.443300613689928236e+00 3.254139236738760932e+00
1.287598778416441991e+00 1.120691481636239550e-01 4.109250344517476616e-01 2.710543075807582136e-01 7.613555710232584595e-01
4.397106876073101134e+00 1.042778030233093789e+00 9.460950319838675737e-01 7.582017200115549471e-01 3.031946835996392586e+00
1.649186892082418421e+00 2.728890749016444239e+00 1.895322868110745629e-01 8.083985502412850410e-01 8.765768739467828530e-01
8.876110991445829157e-01 7.447073155471851669e-01 2.698820506352589965e-01 6.753893646774458137e-01 8.963356392930701411e-01
2.054431181706755927e-01 6.387628218610816311e-02 7.105393981689385463e-02 1.128604239024745826e-01 2.044763076783243094e-01
1.863464283244648412e+00 3.771383516357485366e+00 2.376251709152899516e-01 1.718538201383693620e+00 1.701235486365670901e+00
1.431171635106135431e+00 2.246710181276415419e+00 2.868108636429115288e-01 5.321364029386080885e-01 6.010701547621777330e-01
2.118783539593304344e+00 2.080808437616336271e+00 6.570824064451767921e-01 6.098560946156947882e-01 6.380590896371025611e-01
3.732475428478985169e-01 5.445423841824678091e-01 3.009351450008425077e-01 3.239724187002036571e-01 1.819156727170583021e-01
2.250056946813294267e+00 3.072201613233366491e+00 2.682157658941080602e-01 5.345116381943915140e-01 8.071299280451487146e-01
1.218495600991956529e+00 2.854309090097918666e+00 1.530901642180925171e-01 2.983793906200183255e+00 3.405348630196302295e+00
6.009778668075904662e-01 6.355616793970280121e-01 2.107344286162958213e-01 6.271073961290154486e-01 7.923597980779297778e-01
1.108987427042072760e+00 8.942190420563352893e-01 6.409443677991052968e-02 3.580116837053996526e-01 9.702766259948882865e-01
8.074363669751440931e-01 1.970941623513695173e+00 1.214348650192970114e-01 1.981734616716201769e+00 2.243517836066856397e+00
2.133420715508952181e+00 5.561757729020515129e+00 2.893803666721915135e+00 3.330943024541963560e+00 2.175063281139920424e+00
2.410221806871636341e-01 1.133886775036473837e+00 2.311708732155374868e+00 1.855267945643077843e+00 9.025702376748994116e-01
8.284474718777610214e-01 1.966483414890915160e+00 2.172303458486964267e+00 1.550982179106753955e+00 7.350504307144469784e-01
7.311629343655917657e-01 2.731806453849607408e+00 4.126747746811693318e+00 3.214028277613414808e+00 1.494201390181661981e+00
1.561248588047408903e-01 1.314968591459998892e+00 7.353418087603388886e-02 1.538048992315366403e+00 1.487065544891518210e+00
1.559883350679543146e-01 4.260522827955622316e-01 2.329040187651627014e-01 6.838276374646313771e-01 5.591672915170361469e-01
3.814646488448621975e-01 6.537018306797757194e-01 3.181580148469064229e-01 8.548947154873626220e-01 8.358922963727888344e-01
2.459130214818212867e-01 2.403125542583655960e+00 7.705119431544589226e-01 3.499201589766338216e+00 3.086050309085172305e+00
