1.766087026725723153e+00 1.952348282308766780e+00 1.214333244169886417e+00 1.223271126563330036e+00 2.261079220030604908e+00 2.874780731547639689e+00 3.644795539736667700e-01 5.652620844644209441e-01 1.643938967754922320e+00
1.235152274045961951e+00 1.561677530850001494e+00 8.937735591084474684e-01 8.735685108580855118e-01 1.719727915502911486e+00 2.307841405131604517e+00 3.485356505709479302e-01 4.720673560184018847e-01 1.219048278807136843e+00
6.283019089188288664e-01 6.504984937530876588e-01 4.664803830582335831e-01 4.577927926953967441e-01 8.334183654934685936e-01 1.055875339107789079e+00 1.627477739981807447e-01 3.128227412600153023e-01 7.200037156616079237e-01
1.163078756649921441e+00 1.401190120548658324e+00 7.451431549643334762e-01 7.719901669928238563e-01 1.462285939738890317e+00 2.052656140780187766e+00 2.739529862985496389e-01 3.043274018881150789e-01 9.752731723428711419e-01
2.283725621375757575e-01 5.178564679770324419e-01 1.595225050958202773e-01 3.233424826733811708e-01 4.772949282345049227e-01 5.804276043332776691e-01 2.149000091053570038e-01 1.235427010333373932e-01 1.898842607130451221e-01
1.216671626964501846e-01 1.887880908953321613e-01 1.363518257467207784e-01 2.397221403864567280e-01 2.568379330844409170e-01 2.494160522812515768e-01 1.283805090953490657e-01 1.298772190304410545e-01 2.741871987835602931e-01
5.061685097758531621e-02 1.255294482682806356e-01 3.984619615162937611e-02 7.743630566640588575e-02 1.178459521696866019e-01 1.225753503165673136e-01 5.362218119337866518e-02 5.936508491976420776e-02 7.920805740112232818e-02
1.629717948805955996e-01 4.116455301827426361e-01 9.098012546756735486e-02 4.001330381559174976e-01 4.462861143141222398e-01 4.042709075607932578e-01 3.072330585471034214e-01 2.938315254257236608e-01 3.385031568772365329e-01
1.578472148974270906e-01 1.059014454456746135e+00 2.788529224204078227e-01 4.732196208171759455e-01 1.015746136181030046e+00 1.122390647541215092e+00 9.185515192981084098e-01 2.273743669428305303e+00 1.847313517237933134e+00
3.727110270896460964e-01 4.336266397000899664e-01 3.134063154119117178e-01 3.014215161118010133e-01 5.391908210171589833e-01 5.176346952241118737e-01 5.211423211567977054e-01 1.466786368599916290e+00 1.422406603880433718e+00
1.427457739063922038e+00 7.298440664318326387e-01 1.974008675066983298e-01 1.640909726008224490e-01 2.755290611468477202e-01 2.668994339419365480e-01 1.070735775322250172e-01 6.520745700723569183e-01 4.374803173836933068e-01
4.427823178929661263e-01 6.988033201825464280e-01 2.797886185787478164e-01 3.381205761486900108e-01 7.098650968903574832e-01 6.279173949369766250e-01 5.512147065600260243e-01 1.584153717910543158e+00 1.332859388760517128e+00
2.841079735615759105e-01 9.415003691465237967e-01 6.584264164051287227e-02 3.019518710572785536e-01 5.857225884704653218e-01 9.488731752196571945e-01 4.739866811556288084e-01 6.976902771497559552e-01 4.276755708302390491e-01
5.301343789169941090e-01 5.223028448017238423e-01 2.826124587709648028e-01 2.972273519735087466e-01 3.430621587248696702e-01 3.403556371804474789e-01 1.507057036640575554e-01 1.979292682047945062e-01 2.171451501026334385e-01
3.044199523328585677e-01 8.372752916978318805e-01 8.049799977519959959e-02 1.851915449556849613e-01 5.265262814368257827e-01 1.049881122027651603e+00 3.309932480115125308e-01 3.451854631113910887e-01 2.243361239927046114e-01
3.872605534869098531e-01 3.186188408986566412e+00 1.032619725504719116e-01 2.733909306190729360e+00 2.365930910973236490e+00 1.284185503475450574e+00 1.159389012978978561e+00 4.271836153457261309e-01 4.399182469772073834e-01
2.264512030955608068e+01 6.499555252438618425e+00 4.110106221795375880e+00 1.103130422772898189e+00 1.612621053972043361e+00 1.966177121981784737e+00 5.815348839050208385e-01 5.401055978839369054e+00 3.405511463117931736e+00
4.733167350747578439e+00 7.746789450440241254e-01 1.590717836856099243e+00 6.650770697968421130e-01 1.405637397783997267e-01 1.014670424666004322e-01 2.091418622635133340e-01 1.757155580832467645e-01 1.888906010522193313e-01
1.829473040276235807e+01 3.866937319966155862e+00 4.288966203067458238e+00 1.119089276527510224e+00 4.586928723538654107e-01 8.902704856780687681e-01 2.105404983577394695e-01 1.934240951747796089e+00 1.090389523449231568e+00
7.859815798333699810e+00 2.904209488860856059e+00 1.892823699259638337e+00 1.115590859470976692e+00 9.935895375664896001e-01 7.253303220559751407e-01 3.543408209722566649e-01 1.813214292649688586e+00 1.161508475396684892e+00
3.326411657776927600e-01 2.125952366976239793e-01 2.414367223989246913e-01 4.352620767023825943e-01 2.867454714866476961e-01 1.866867169516516212e-01 2.500869091027833613e-01 2.047116743880587064e-01 3.670446085842752892e-01
3.043845075647587106e-01 4.765966758443097862e-02 2.055423920830197482e-01 1.446996977874853707e-01 7.667593375671492850e-02 2.667939633680049480e-02 8.831992665629651018e-02 8.042541296917891935e-02 9.785597081533768671e-02
3.129807762659002623e-01 1.683957637486617198e-01 2.006115439267140421e-01 2.166888616065567041e-01 1.548006335502867814e-01 1.344793592281820493e-01 1.033648423055439219e-01 9.425992964823655396e-02 1.976293958598615008e-01
5.398003265779643955e-01 2.693833792465794574e-01 4.871587391537017808e-01 4.589441618320035388e-01 3.210881445961015768e-01 1.462213342415162043e-01 3.240190207796315724e-01 4.512925379972688722e-01 5.233574627043444671e-01
2.495820934595039731e+00 4.171747315213404583e+00 1.066862315943772233e+00 9.480267738522734078e-01 3.034126621798227674e+00 5.954396557254335143e+00 9.437244458719415974e-01 3.072247618446659612e-01 2.990855187352796096e-01
3.187297202470597668e+00 3.744382085187344167e+00 1.283114311339018654e+00 1.242178930584395546e+00 3.252312565934656785e+00 5.701692229677012058e+00 6.167644943104105826e-01 6.730377380151184030e-02 5.914859266842016350e-01
9.686271947440000529e-01 1.131028823728421839e+00 5.686263973875140820e-01 5.589829336372165169e-01 1.156135125859361734e+00 1.692882214830845999e+00 1.833770440536604263e-01 9.895195064713938060e-02 5.684987391355138531e-01
2.598888863224158463e+00 3.302953308112097641e+00 1.065690046130727486e+00 8.301586939900237327e-01 2.146349081187727492e+00 5.045519982878727383e+00 1.146349163679135419e+00 8.612857874243237677e-02 4.885175497319805410e-03
2.392618318046102754e-01 4.819767016414642224e-01 1.224710941475736503e-01 1.823684653805041078e-01 3.530286717968024734e-01 6.155942969485230787e-01 1.655911610343059337e-01 8.232897639249006638e-02 8.899529930876290407e-02
1.910465376171824048e-01 3.079184475173520341e-01 2.025636986785832594e-01 2.038793644912946790e-01 3.736946340173132874e-01 5.342653402469703661e-01 2.197277019097325090e-01 2.642809886704500788e-01 3.571496275686358857e-01
1.036549410485337330e-01 2.457743699435593343e-01 4.665180299427867938e-02 5.209660446170788495e-02 1.537209696926413183e-01 2.687613819157937955e-01 5.394314019384716108e-02 7.315042718120073895e-02 6.774869712347511563e-02
1.785880901633569440e-01 4.456906225961916879e-01 1.458761027158673729e-01 2.997393098429079195e-01 4.610953043033214072e-01 6.224477748924470699e-01 3.417209965625849222e-01 4.481454957177880560e-01 4.518622134701879567e-01
5.460952896755159047e-01 1.484106582976040700e+00 1.204929091046585965e-01 1.546238117698850445e-01 1.209200305970919986e+00 1.658166980357508979e+00 1.078569171131160465e+00 2.709046073966285384e+00 1.981475939655122920e+00
9.931635633053830237e-01 1.000268650662102132e+00 1.942641762255267746e-01 1.080758365815278049e-03 9.060681171170720249e-01 1.413620276999323133e+00 1.168112267858657294e+00 2.935195718607841897e+00 2.103578701440453447e+00
3.176512094551623422e-01 5.684165897580248927e-01 2.334508158690123958e-01 4.946679851976906184e-01 5.591840000473624617e-01 5.289972336621165949e-01 5.647808598555696946e-01 1.107841103761227020e+00 9.665854131974458419e-01
6.100311820836999965e-01 1.896657541304622274e+00 1.091573129355052907e-01 1.531752126292092453e-01 1.522560115577791695e+00 2.052922946084549061e+00 1.286395036899723010e+00 3.106761263649451266e+00 2.255414557490468042e+00
3.651911213848818560e-01 8.771719621497054975e-01 3.936797963299670799e-02 1.875196027138385235e-01 4.995169708929373398e-01 1.225852823265349834e+00 4.213902634206412312e-01 3.606396118188707201e-01 1.766247584599929532e-01
3.745882527886590374e-01 6.755060926571031521e-01 1.550405543677471354e-01 2.091771077877850604e-01 4.237715428981742027e-01 9.901463881833645342e-01 3.335588248794802424e-01 1.492399838179206684e-01 7.709632347639142069e-02
6.673305636486807080e-01 1.741568791379726422e+00 2.406196968415465487e-01 2.852791808329222523e-01 9.966784274636026897e-01 2.565557155244878818e+00 6.620232206715820356e-01 3.599889968252942829e-01 2.033495811225347616e-01
3.080500302897111742e-01 8.834868133409308211e-01 1.795201959264104419e-01 5.074246637175388042e-01 7.553686406161118638e-01 1.025241955306940955e+00 4.371419255330566411e-01 3.116734559772875168e-01 3.736411877241350155e-01
1.205438878131124980e+01 3.044803016315611899e+00 2.820337718467635924e+00 9.458897780503828789e-01 6.388856493350136834e-01 8.572252546095628922e-01 2.907858852473980682e-01 1.644720895723939424e+00 8.886021109350398239e-01
5.366354776770855040e+00 6.804602769078884617e-01 2.016300853825596207e+00 7.645377930599839278e-01 1.189906942876946816e-01 1.684690478371465572e-01 3.668151085195107131e-01 1.634315440413218815e-02 1.149608101498448692e-01
1.542858942857113824e+01 2.455086859203130523e+00 4.759454738100481919e+00 1.453785721845683776e+00 8.015942808777173911e-02 3.614277282781335199e-01 3.025690700917211817e-01 2.474121853284773631e-01 1.270449908413633644e-01
1.155237413717646255e+01 2.152114961042650432e+00 3.333925597941753693e+00 1.086395346498381098e+00 2.773087165371117546e-01 3.092500196301547488e-01 1.199769399361795413e-01 4.923027359905842726e-01 2.160066445408710123e-01
1.724022539403143872e-01 2.010796043751908735e-01 1.321125635662658837e-01 2.132355066625787332e-01 1.749232931714927164e-01 1.178755822272676973e-01 9.211725429536377074e-02 4.774976888929988866e-02 1.377564434100295165e-01
6.645719591933929582e-01 8.791435137037159619e-02 3.392328142889327047e-01 2.226429382606224527e-01 7.648741585660920328e-02 4.919835869982384924e-02 1.221157066376212796e-01 1.522462494439085628e-02 1.013529445958691322e-01
8.559147440598711132e-01 3.138661535813385139e-01 4.007300679351857298e-01 3.143019898763649289e-01 2.192051475630497070e-01 3.094166469876030723e-01 2.027188356086313537e-01 1.440736982797581611e-01 2.138193888640038121e-01
7.685503419257297963e-01 8.903791660902296567e-02 6.127702371753133148e-01 6.972508937000971851e-01 3.016020517404125467e-01 1.504126466639482129e-01 4.529301840612864893e-01 8.440615071801324532e-02 4.408511865832130394e-01
1.638082390073748451e+00 9.047883952075338465e-01 1.795179133603723498e+00 1.912518457538553651e+00 2.440524577530831518e+00 1.807656270467163928e+00 2.605488102728429900e-01 1.177726062161929210e+00 3.541122295238010587e+00
2.259167560627184823e+00 2.025025674804494247e-01 3.526881747067627249e+00 3.640161800862745434e+00 3.634126427795116854e+00 1.222691745990829526e+00 1.003099264739751029e-01 2.355827785977174127e+00 7.687908216079309298e+00
8.682481610745820255e-01 2.784415238119196737e-02 1.831528092468467595e+00 1.823057956441912708e+00 1.768029115710129329e+00 4.442385908390645288e-01 8.079106461933732719e-02 1.333460172614753692e+00 4.071579727233565649e+00
1.200201682903986100e+00 4.439204576093995769e-01 1.574155716182237486e+00 1.642646928556801722e+00 1.863200622889351621e+00 1.079088149868152602e+00 1.881555432112821669e-01 1.071365946200657504e+00 3.258827706951578307e+00
1.794626156023731711e-01 3.818693489503873773e-01 1.494062531203670385e-01 1.585078801141140414e-01 3.149838386042468352e-01 4.206302522649351672e-01 1.244953082913147213e-01 1.321438185153462619e-01 1.359003649643149569e-01
2.964149436758425349e-01 3.799301841443585293e-01 2.314197843916684372e-01 2.940424828629086829e-01 4.021554913786273833e-01 4.245654777712843941e-01 1.066736491113308288e-01 1.298815809757283835e-01 3.256918990395013536e-01
1.250276319577843520e-01 1.477565739443312820e-01 9.142411912644003713e-02 1.174885053877428170e-01 1.603196171812467652e-01 2.358486649961351322e-01 4.696104094621997294e-02 5.450647311845124854e-02 2.052136121131331870e-01
1.069227533313102801e-01 2.351173323736881482e-01 1.326594046542845518e-01 2.568993774222247950e-01 2.894939646720143811e-01 2.591430211526759009e-01 1.203900465252288748e-01 8.338064595613106644e-02 2.305244172850771101e-01
2.279554650843242936e-01 1.736407175485982224e-01 9.235398383290611690e-01 8.323445911952667142e-01 9.557000125039322169e-01 3.646613458898027571e-01 5.310126669193797611e-01 1.874048508244025690e+00 2.561207222207400491e+00
2.855997626108475185e-01 2.535040666790654429e-01 1.452344485441284583e+00 1.041394869616845575e+00 1.110486303349829118e+00 4.052227557724169538e-01 6.656735493964804906e-01 2.799950114828641645e+00 3.527986558446993826e+00
1.790916443583325662e-02 2.558086459975871807e-01 1.071893937798434004e+00 9.284346856704169815e-01 7.687591526637822525e-01 2.996822195756763119e-01 7.579717474485011541e-01 1.967174268094945777e+00 2.050752462267706466e+00
4.526068620029506384e-01 2.916202947808121948e-01 6.916024892172043526e-01 7.786858424583491534e-01 8.767376576409723343e-01 5.096065121080552984e-01 7.543589288260144077e-01 1.882340089451319587e+00 2.238507814029571552e+00
2.988056640249238116e-01 6.489655559897007375e-01 6.620646571601078445e-02 1.488250413092338520e-01 3.865633489054634553e-01 7.821117524283009992e-01 2.683793336176379385e-01 2.864417521266454658e-01 2.044109375883612911e-01
2.795349004302998819e-01 2.459187647875671345e-01 1.569609336592565629e-01 1.749791523280228023e-01 2.497514477940385169e-01 2.975324870949601630e-01 1.307703098045385204e-01 1.296789494109850394e-01 1.477500826413398749e-01
3.635341997931698099e-01 7.586457843919734989e-01 1.110620178576909589e-01 1.390454333786236285e-01 4.875315981937785592e-01 1.060952830579827033e+00 2.991170007764777927e-01 2.778038519110125892e-01 1.718806762819839185e-01
1.886557696412000107e-01 4.532658710573892469e-01 5.161362202983410530e-02 2.219984903317983593e-01 3.145479037383803744e-01 5.236571159406705478e-01 2.678307866373725865e-01 2.612185561744782558e-01 2.189268630860239928e-01
1.828500519445988459e+01 3.127015931469111720e+00 4.791413036905499467e+00 1.235986127772347842e+00 2.109191615966409805e-01 4.969449159564091056e-01 2.367063218071958353e-01 1.400382503727508610e+00 6.687695078180869723e-01
3.927887226676644250e+00 5.237737842130237853e-01 1.676180913033428421e+00 6.756007319994883353e-01 8.519605336255610395e-02 4.617008884042467232e-02 2.765780757617885000e-01 2.802704843818311711e-03 2.639610662683292142e-01
1.233948734785103518e+01 1.646639067871290774e+00 4.455467473283072799e+00 1.334841049672894853e+00 2.553153391484944482e-02 1.009942688333130001e-01 3.788520794732374020e-01 5.412533919215853362e-02 6.783662273039621493e-02
1.033714325469756901e+01 1.739736972563553863e+00 3.259035933113973993e+00 9.859720809436332001e-01 6.440342928183560856e-02 1.406215771205140408e-01 1.778956329222988186e-01 6.845870767793200695e-01 4.129344313630060603e-01
2.599186873415588739e-01 1.386331797735581572e-01 1.413368308398791351e-01 1.264817233348301817e-01 1.198250872140178558e-01 6.155779339604301736e-02 4.348155093243315228e-02 3.235898393350414293e-02 5.763007610715841639e-02
1.254346187330278584e-01 4.762988414887742161e-02 1.257843212103690878e-01 1.078353472229215820e-01 5.336384869483830340e-02 2.576137430002906070e-02 4.422304683430985928e-02 6.040337840806572767e-02 1.327886529109742475e-01
3.705102720894111745e-01 1.684155771908430466e-01 2.685275143982700508e-01 1.805774111822107120e-01 2.052758364725886797e-01 1.789618324977107489e-01 9.172683199190101444e-02 1.084664217646308937e-01 1.991610954274813938e-01
6.309688066536958129e-01 5.449357421377803989e-02 4.994018876240592375e-01 3.123878983935823861e-01 9.666411621318844738e-02 2.250286643953357604e-02 1.899539444171615132e-01 7.889666459888490524e-02 2.332926682978165300e-01
1.406771384509033496e+00 2.019649404418564220e+00 1.001146081921320485e+00 1.040870198912278388e+00 2.070193886059809252e+00 2.865323808694539398e+00 5.496128570065650365e-01 8.164444639921573099e-01 1.556061485156884805e+00
2.019597285831504330e+00 1.939492142604568592e+00 1.613435372663031941e+00 1.631562297455259936e+00 2.735685934779916284e+00 3.077653981200829669e+00 3.732040849097466584e-01 8.843552837329624605e-01 2.607075139193828939e+00
5.018773839968754258e-01 4.712460995369490147e-01 3.161808881647925062e-01 3.302018584948731572e-01 5.901353910765816391e-01 7.352947229199606749e-01 5.982826203067884152e-02 1.147956777219533847e-01 4.347845031722364917e-01
1.424791922617101747e+00 2.401087054265473864e+00 9.016703379782186056e-01 1.000825635240562228e+00 2.057653547312749964e+00 3.022531632985562933e+00 5.346714690589080554e-01 3.994147195702756892e-01 9.335410499663692185e-01
6.321551773976067171e-03 1.201827550340250017e+00 7.318304030163613749e-02 7.327064233408595584e-01 1.126061276254602950e+00 8.602667222863691343e-01 7.714992643312316156e-01 1.536694836172211476e+00 1.157896611669521292e+00
1.892675601186502576e-01 6.916434561555135918e-01 1.831329899152005780e-01 7.275584495822943198e-01 7.085291797888384480e-01 6.253740372297300620e-01 3.952454444990510796e-01 2.421405548803177155e-01 4.959436781741294320e-01
1.211527155663209565e-01 1.532295614070919298e-01 4.570027795783358771e-02 1.245041763008115920e-01 1.332331058056535067e-01 1.667579971020294316e-01 4.305222117575452367e-02 2.406257941494352112e-02 6.476039994222149154e-02
4.816102450237576271e-02 2.239298468510948048e+00 6.242325970297924603e-02 1.676439948748333464e+00 1.900077957279399765e+00 1.207810237249762775e+00 1.171084844768340183e+00 1.766200405051379985e+00 1.404794138199048525e+00
3.774899596651289935e-01 1.116591548186073979e+00 1.429679892842201927e-01 4.705169130501060670e-01 8.131709039094318081e-01 7.127420209609987012e-01 5.195938433733789941e-01 1.261558633205175806e+00 9.432379399274019027e-01
2.911154150036890376e-01 8.122761848067168167e-01 3.407108717387256624e-01 4.504671443355373617e-01 8.326710775561230182e-01 8.016500925673046840e-01 5.922052268845372502e-01 1.653591762317843328e+00 1.575510905744974766e+00
2.944019672635598273e-01 1.871360961213905383e-01 1.728355975521125021e-01 2.767954728391648356e-01 1.998661793919569718e-01 1.346400343988639059e-01 2.239065978895762310e-01 3.915594464565125277e-01 4.154846406223902111e-01
1.925940389379365292e-01 1.220422341120273479e+00 1.138819138024236705e-01 4.103323207745919743e-01 1.014539855558709736e+00 1.098994479169319138e+00 8.353907134949805080e-01 1.936193161764091508e+00 1.434012972064945268e+00
1.092176318397419660e-01 3.617808940871029666e+00 1.048062791139271616e-01 3.188037397726164457e+00 2.803060612450178457e+00 1.729427940415346310e+00 1.372449613075420904e+00 2.783340359390459318e-01 4.724244527171633234e-01
2.860760462765656320e-01 7.237230847081844720e-01 1.457662546408201587e-01 6.726820032710579822e-01 6.447065986252510372e-01 5.107914267096143046e-01 3.125260179553326911e-01 1.429380077617423139e-01 2.681284429227476784e-01
1.804265772330921891e-01 9.296954317507400978e-01 6.851282298163313689e-02 4.024935212393541129e-01 6.759430260423934245e-01 9.176126811697782326e-01 3.801660872664183177e-01 3.540789834071125242e-01 2.530965451527289467e-01
2.122195839428209774e-01 2.497469628257117602e+00 7.914297501459341411e-02 2.109357025343945757e+00 1.875475634480231468e+00 1.147358667997020465e+00 8.956277638096978855e-01 2.256242226772966486e-01 2.731626222961839323e-01
6.124217284502483594e+00 5.329927004018093939e+00 2.204615345369790536e+00 3.165229580747998206e+00 2.865498070104768757e+00 1.376461779639120531e+00 1.063169529981792927e+00 1.966691435422167178e+00 1.199228108191133346e+00
3.835967171442980383e+00 1.246571482564908129e+00 2.016245680334169066e+00 1.675789978300588068e+00 8.473898080820532197e-01 3.473667063178200731e-01 7.499548904579472763e-01 2.304024331147984939e-01 3.398456247701630017e-01
5.464054119246657848e+00 2.243914527771334821e+00 1.775084598865828145e+00 1.235977173502278648e+00 8.920897402215461902e-01 4.961802250026163263e-01 3.127367840498721518e-01 6.907502511521039779e-01 3.638434953996015908e-01
8.331927596171441408e+00 3.429200151259294227e+00 3.449265423252247942e+00 2.815053425423378108e+00 1.695861290131994714e+00 6.791586304539909413e-01 8.357890469593227678e-01 7.130464723807438121e-01 4.740287764140592719e-01
3.268688495416405271e-01 1.596800296791346385e+00 5.210656123073494073e-02 1.606066347904582470e+00 1.272510640140272598e+00 5.639983069405387628e-01 6.951561092519762397e-01 4.120504006247233120e-02 6.257876527852082593e-02
1.060273112475075274e-01 4.899780248490327450e-01 1.891979250318517602e-01 6.726135341225328856e-01 4.913060270644520333e-01 2.003969640788272888e-01 3.075163456195399436e-01 1.090954504449892781e-01 2.051902049774095849e-01
3.790523053245644647e-01 7.800142330520447587e-01 2.374091292917444862e-01 8.926000594943896971e-01 6.816313313259146911e-01 4.193628143222711824e-01 3.697570575632871948e-01 8.057565883600964485e-02 2.784374363841974342e-01
7.203747221203118389e-01 2.610646465120479931e+00 6.494330754086107271e-01 3.629320988954580773e+00 2.535109641578767725e+00 1.082645199230332755e+00 1.773899310266453755e+00 5.408749681434461831e-02 4.688635033811059394e-01
