4.828765658811875028e+00 4.287567801326421790e-01 3.439714206063768209e+00
3.693598816435020193e+00 3.143598767148633732e-01 2.677320403948354688e+00
1.856708867013447950e+00 1.006618485919152095e-01 1.353008246018699623e+00
3.179932813240848422e+00 2.917161013284774174e-01 2.273136072137253105e+00
8.332846997505949371e-01 6.634355812507861661e-01 5.446871645991134825e-01
5.158480655589428032e-01 3.979708684193591361e-01 3.592842530849588711e-01
2.030411783452615582e-01 1.690891050612802760e-01 1.399964916353702571e-01
7.155540063529131078e-01 1.019200821845794414e+00 4.990030103547563045e-01
1.943284190103833353e+00 1.717967010200801337e+00 2.451678926773124267e+00
1.251084516835981653e+00 7.612971960399295135e-01 1.709027926769418837e+00
3.350013181993306555e-01 7.419687331682662812e-01 1.195270175917749533e+00
1.276740581132962404e+00 1.157489421301988841e+00 1.777378323213897104e+00
1.077265023289136092e+00 1.101756061965251776e+00 1.100838468047905305e+00
5.183872630286081584e-01 6.374191812828858827e-01 7.498206720297225791e-01
1.089397025884841996e+00 5.207398109690660748e-01 9.607607686475332365e-01
2.688910198387000072e+00 7.831433897667301025e+00 4.387066669354450221e-01
2.229171782953937697e+00 5.500779653208756059e+00 1.445914913863091300e+01
1.923742792776360067e-01 1.265415868204430527e+00 2.899594931814200471e+00
6.826335170776882677e-01 3.439613686014253879e+00 1.041956332873105850e+01
1.018676057912133892e+00 3.408471321163515366e+00 5.542249269868296579e+00
5.044291118800416918e-01 9.343617287538760197e-01 5.157510473412832974e-01
1.439548822225963087e-01 2.467850273869194311e-01 3.242524703988261536e-01
2.993471644420540034e-01 3.815328337072860787e-01 4.195291263275089944e-01
5.439760272993882095e-01 1.037324055182161198e+00 9.313111778631618654e-01
6.616775140875297723e+00 6.715990079312577077e-01 4.701874791757356675e+00
6.933504754642455303e+00 4.282284905893343763e-01 4.708978919259347862e+00
2.459610488469885947e+00 1.421335255005193865e-01 1.719217526420170561e+00
5.308012784177421395e+00 6.614583822834824156e-01 4.221502571151412475e+00
7.358071004848271146e-01 2.993015308595371460e-01 5.282038128676106448e-01
8.264914272594422462e-01 2.320406938539927855e-01 7.071453456249954250e-01
3.162256431938842427e-01 1.000164115347910720e-01 2.652478740275785452e-01
9.395910900143654709e-01 6.955278382141946159e-01 7.644583303071660341e-01
1.990039323257612125e+00 1.711980465741702151e+00 3.113347164429367098e+00
1.909858955716738249e+00 1.134434411673179710e+00 3.236774440734210501e+00
1.067663098757568152e+00 1.428561774536584839e+00 1.298420083801371971e+00
2.324520446833766130e+00 2.024711153185038803e+00 3.736104959199398667e+00
1.188953464825739603e+00 5.859280837754110571e-01 1.019039424656299042e+00
1.000505001905032110e+00 4.781428864548474822e-01 8.309542898974515701e-01
2.505635662775262507e+00 5.992775902525954157e-01 1.940928206651383991e+00
1.383040716294098083e+00 1.150233866890050471e+00 9.508920243633200986e-01
8.724588394737105013e-01 2.927347939216643269e+00 7.228479486910179830e+00
2.165107734060214006e-01 1.287385202517069782e+00 3.408850732727304322e+00
2.558442022515644010e-01 2.503198512358279615e+00 8.849935152892163259e+00
3.376040857724822430e-01 2.293828405551662897e+00 6.432852667097519905e+00
2.628149533072849375e-01 4.394143397159055997e-01 2.610393090285787476e-01
1.264199698830989482e-01 3.776141379053344904e-01 5.567301802236166441e-01
4.947948313630798345e-01 4.961176810376177748e-01 8.961028070871291940e-01
6.161015121752644319e-01 1.307979606462027933e+00 9.155980483219745558e-01
5.637395266620471190e+00 4.162508018559759049e-01 3.852869979350009189e+00
9.490766868269215450e+00 0.000000000000000000e+00 6.378807220277044721e+00
4.765295355934984656e+00 0.000000000000000000e+00 3.208966313468608167e+00
4.500491759114270351e+00 2.670284702559166390e-01 3.141872642032487395e+00
5.893396386596495562e-01 2.943882190203871430e-01 4.534650008196308701e-01
8.028079790110937974e-01 3.508313087375342088e-01 5.817111076475051101e-01
4.110680920748985834e-01 4.658254903314210105e-02 2.985990181939762178e-01
5.196718045300030564e-01 4.404921131808521850e-01 3.282774958203800164e-01
2.352701502516039156e+00 9.722923954423448034e-01 2.294078987687128812e+00
3.216076135785971957e+00 1.300708130066501100e+00 3.080922066676188287e+00
2.060675566402321301e+00 2.087888631905345349e+00 1.833097430601300593e+00
1.928305191995190349e+00 1.402382344399585090e+00 2.387944205754007232e+00
8.268054966045602638e-01 4.155248931274435620e-01 7.798346766040622491e-01
4.591272332756620722e-01 3.283731749909483133e-01 4.313770742320265361e-01
1.085584961111480062e+00 3.173469998878656884e-01 9.509015345229379079e-01
6.274318429594333280e-01 6.208853312853102047e-01 5.459910303443000767e-01
3.407556996056876897e-01 3.039845032240179101e+00 1.021066249390971237e+01
2.160986525212450493e-01 9.735970145400543174e-01 2.734157511975578103e+00
0.000000000000000000e+00 1.999919593296626275e+00 7.700823083800408142e+00
1.123592478022370778e-01 1.830266328014152899e+00 6.339893940155170604e+00
1.651864028621656544e-01 2.442878362907528467e-01 2.310448220233243255e-01
1.361267242203899053e-01 1.514323101042913955e-01 2.121084124740876820e-01
3.756738150579974622e-01 2.198114004561970702e-01 5.319072661741988117e-01
2.360251800301333969e-01 5.107369263558246830e-01 6.884233237748070833e-01
4.421015742213032951e+00 6.730585846193503086e-01 3.351305594007846000e+00
5.994563390083124332e+00 3.788381286237767487e-01 4.224497675653289264e+00
1.261299809836064600e+00 7.203145946062050609e-02 8.753668698655090452e-01
4.162122127022221285e+00 9.337334035694513368e-01 3.043819658746442336e+00
1.429515268146823059e+00 2.683102923437851395e+00 1.484258912796886154e+00
1.198587602571717703e+00 1.653520476082193325e+00 6.063582913193870105e-01
2.635475187790710105e-01 2.264736524141092999e-01 1.411616145798731126e-01
2.269653358307893942e+00 5.461354735414031936e+00 1.566019699495672768e+00
1.041238371056920853e+00 1.776706598320454189e+00 1.559698921772888269e+00
1.633989245823374681e+00 1.178279086128996456e+00 2.010849789483975414e+00
3.800112217817656624e-01 6.871157884729363063e-01 5.763153922352166614e-01
1.536485208846629202e+00 1.912481946203574923e+00 2.124925743998144601e+00
3.411522012108616053e+00 8.955652812757037395e+00 3.278280523235395649e-01
9.471034562009517099e-01 1.647488487123983658e+00 4.424687536538584598e-01
1.113770848820911485e+00 1.188111021744400642e+00 7.631468983773552761e-01
2.246648565588229118e+00 5.968268609281199844e+00 2.734343612010126656e-01
2.494741955973754255e+00 8.597782484177876938e+00 5.907118604366200287e+00
8.257762848199222683e-01 3.618030803292389130e+00 3.269461558644932708e+00
8.277906200566741424e-01 3.151499499971745166e+00 3.740465938773618770e+00
1.440376424017503654e+00 6.449142702242196101e+00 6.271338525973132683e+00
1.405106921796303698e+00 4.588629385202487754e+00 0.000000000000000000e+00
6.491590048648329114e-01 1.721542384986872065e+00 1.633709071169136551e-01
9.350319722513289467e-01 2.204256582901626516e+00 4.054943056106783961e-01
2.950277222007607225e+00 9.703101800012404965e+00 4.733632883984906781e-01
