5.551459147153339657e+00 2.233433285540334268e+00 1.508608706515306874e+00 2.016623087312770846e+00 7.830703249285453360e-01 3.897636644951117280e+00 9.387550341419685918e-01 2.026611775176726249e-01 1.868004643466368631e+00 1.781510582845257762e+00
4.377007155307932607e+00 1.673984807306295064e+00 1.070510133487341475e+00 1.430011344851487509e+00 6.951506770208195629e-01 3.108284666318251510e+00 6.652493487611970124e-01 1.556381705375129709e-01 1.454846688028545998e+00 1.415029676025533423e+00
2.037658704998892567e+00 8.786186945914626900e-01 6.001243366963462389e-01 8.143594455112114217e-01 3.515179170287346389e-01 1.559886994508365543e+00 3.993929798192227265e-01 3.756236965014100176e-02 6.600610118058607423e-01 6.293024504709313627e-01
3.894104701984455019e+00 1.369604547625925761e+00 8.882545460274672289e-01 1.168808361745843349e+00 5.286626800809840487e-01 2.596024095775748108e+00 5.753067190061860181e-01 1.484552020882917156e-01 1.303646386074579056e+00 1.271031548893839291e+00
1.028881421978920407e+00 4.960479900191109293e-01 3.688118283307331158e-01 1.707294281260118285e-01 5.807199222228636160e-01 5.841050862596021132e-01 3.684663554251006029e-02 1.961914728715204448e-01 4.950443892466729334e-01 3.761518219167416244e-01
4.536727919686839305e-01 3.593642182827372356e-01 3.211822865137261562e-01 2.542014845049398453e-01 3.297053223885855755e-01 3.614485724065615857e-01 8.811266190593811110e-02 1.264193895318517780e-01 2.591995474825219969e-01 1.352303622433214669e-01
2.065625176834753052e-01 9.688954023577370234e-02 9.794496652455729480e-02 5.470415390538917177e-02 1.781363794499325470e-01 1.808645905259905484e-01 3.225785167997998609e-02 5.763642451394782734e-02 1.207227295478570384e-01 6.777657197744525741e-02
6.546882786446142077e-01 6.199011768463383865e-01 4.936330071360534033e-01 1.499199632159417817e-01 8.359708602920500331e-01 3.684068545448549448e-01 6.675236115637232792e-02 4.067643271852566800e-01 5.359542808419721638e-01 2.310141340527483711e-01
1.097504232425170256e+00 1.616894952152858611e+00 9.420845252451883756e-01 7.039894012580143468e-01 2.826973025752548718e+00 2.045710665661986560e+00 4.459422913224594387e-01 1.459283016432741498e+00 1.450596476613696506e+00 4.110158657808658522e-01
4.797651583918534079e-01 1.082520837383615486e+00 6.900188231345270040e-01 8.651154715645864579e-01 1.491237774482530032e+00 1.218531224969174209e+00 5.234070842017173320e-01 7.590068039653633525e-01 8.465722449502693925e-01 1.783550972825118652e-01
9.526816252210268399e-02 5.758961976914293013e-01 2.867527166401004912e-01 5.381336804133384222e-01 9.857621612420577328e-01 3.423043550508367838e-01 4.207885678891106207e-01 7.188416440809652919e-01 4.223251814448485963e-01 2.663268118262880346e-01
5.177235260960338925e-01 1.192995209045997207e+00 7.044864082589645804e-01 6.802467446634780091e-01 1.897884618461831652e+00 1.253667204076369224e+00 4.041193694817287740e-01 1.052290040887661648e+00 9.855889215481672405e-01 2.285944290822956582e-01
1.337624759984819001e+00 6.345225799172086179e-01 3.655146650190253532e-01 1.235539854252018510e-01 1.410520388044698370e+00 9.787131171642391436e-01 1.169767763443611552e-01 5.067180266694688573e-01 8.393011353192453283e-01 5.981744640728340334e-01
5.238051487753641045e-01 5.179520843791636242e-01 3.952980434565983581e-01 3.940419104995411814e-01 4.839681729207382932e-01 2.515162733235788983e-01 1.630606386335394509e-01 4.617956856072006899e-01 3.315567794667226842e-01 3.214177586425173150e-01
1.657229147267075486e+00 3.885603016479430849e-01 1.526666004422074785e-01 3.574777312489336306e-02 8.273601958171747928e-01 1.012565436050930412e+00 1.392602446152125251e-01 2.258466556493758381e-01 6.496641371572199342e-01 6.995603135144634610e-01
2.318945627979089874e+00 2.983919476100551194e+00 3.104682079666846839e+00 1.377938782341056045e-01 5.123445999265261896e+00 5.163159316162603263e-01 3.210888370103200107e-02 1.591945740800690068e+00 2.915776105521532990e+00 7.078856953215705294e-01
6.453621056979413906e-01 5.069385328879067565e+00 3.363256938898533388e+00 9.139620780455148363e+00 7.510618805670478793e+00 2.357116040715303118e+00 5.959463218667512052e+00 6.211260427246087623e+00 2.633578707226325477e+00 3.643227094529250643e+00
2.266788319791502859e-01 7.576769033390848840e-01 1.659138858601801658e+00 3.054874720520366349e+00 2.629679101094526961e-01 3.551076435379740825e-02 6.212604410980255842e-01 1.123019891377825097e+00 2.427777018023459243e-01 7.736934767861215478e-01
5.693223656520416398e-01 3.087849207331121004e+00 3.214208334324107241e+00 8.377254422967883585e+00 2.717166978435731295e+00 1.196853998675889846e-01 4.430283362576650674e+00 3.851329439926297837e+00 7.791814741334848193e-01 3.144265545958768726e+00
4.027282643366645321e-01 2.326779786585147392e+00 2.262941495997287333e+00 3.959643368828961840e+00 2.820122254452137156e+00 6.823679967423281756e-01 1.724954029627850938e+00 3.098475013523581456e+00 1.227450801594524687e+00 1.360038342932658129e+00
3.335312659552428505e-01 6.425917681520354474e-01 6.166322075267104408e-01 3.618950194760954808e-01 5.292250877792272767e-01 1.090893997513256164e-01 2.091658660884124221e-01 4.601407295485993032e-01 3.076824955401997741e-01 1.414450875074166891e-01
6.037465441062998123e-02 1.870168786359377444e-01 2.870252326842464008e-01 3.462712963278790079e-01 1.406551448192695508e-01 3.671727881920085895e-02 8.457726239913918032e-02 1.259471882391572373e-01 5.223620602638460314e-02 7.965151756323297916e-02
2.485621880712516607e-01 2.733359884963000308e-01 3.073919337392777562e-01 3.015984056772793576e-01 2.202215081416436515e-01 8.682610560153006252e-02 2.018158985764076929e-01 2.377017640139541810e-01 1.912219732941552175e-01 1.464631749043853459e-01
2.163157160166319093e-01 8.574432861804646144e-01 7.950803965406794127e-01 7.840696814049219476e-01 5.314446218709163450e-01 1.000378945845821488e-01 4.082735631124597697e-01 6.675925443384863600e-01 3.321006296228766752e-01 1.925851368166969502e-01
1.062778837628227890e+01 1.670463711162079479e+00 6.375878824242258158e-01 9.116536004763723389e-01 1.309820180529236211e+00 5.805255998510993720e+00 6.185086972404238992e-01 2.869543265435938739e-01 3.151196605025520903e+00 3.873105216543698326e+00
1.036350299482699100e+01 2.233528887454501177e+00 1.071844208751134619e+00 1.446372960602486657e+00 7.027441606088224990e-01 5.166278857468464381e+00 6.529507880126834696e-01 2.721685246743352771e-01 3.113766348625751412e+00 3.874602202447712251e+00
3.222672424068436126e+00 9.991389779199946197e-01 5.925309892820846969e-01 8.064624513087741420e-01 3.026362274291409249e-01 1.944321134901346948e+00 4.258245322893770557e-01 3.998346765370758976e-02 9.733177820139363723e-01 1.097953618724226699e+00
9.070921865196986289e+00 1.239792232022779217e+00 5.776543594606329268e-01 1.024065338342107001e+00 6.959309375660331920e-01 4.250827926432330095e+00 5.106333084740446449e-01 5.494037241054556819e-01 2.636571164628803032e+00 3.582205857479552780e+00
1.097880031438459802e+00 2.668644616560234550e-01 1.780793919368609812e-01 1.148595134394407025e-01 3.422175206888085630e-01 6.329074427987695373e-01 3.935459555588700920e-02 1.116236801068576229e-01 3.975174701002481825e-01 3.573056635794127911e-01
9.339632949978067256e-01 3.833344064126250061e-01 2.685431087702314090e-01 3.081690359485150799e-01 4.176600838462923848e-01 8.380822279906019467e-01 1.465043195112775698e-01 1.365164310605963272e-01 4.131146491603589488e-01 2.501878587063779968e-01
4.518037007647692782e-01 8.378101023010595116e-02 4.884775452980246596e-02 4.856313877593025630e-02 2.206104865815094185e-01 3.502043567070985408e-01 3.282865921117105595e-02 2.198067031306426972e-02 1.527638218719655494e-01 1.664705388720534029e-01
9.909243447501425717e-01 5.602414958031184389e-01 4.045556229400596449e-01 2.453053512948714932e-01 7.549010783066971708e-01 7.501112661293305450e-01 1.505469973752757151e-01 3.509401471262553196e-01 6.300799637128915442e-01 3.298650425945649500e-01
1.421360860085370881e+00 1.293025601576287986e+00 4.909114152777552809e-01 2.281309775884330371e-01 4.193870079467743928e+00 3.277649462696787364e+00 6.215171857957125373e-02 1.675367377291467230e+00 1.749490782199245587e+00 5.463956090304119551e-01
1.222443776686314765e+00 1.364008486524738384e+00 5.117435536074387281e-01 4.037016592427924988e-01 3.485536061618617065e+00 3.050893237770839761e+00 6.134345216675399781e-01 1.604501964709649231e+00 1.451422291151970301e+00 4.248501658618291099e-01
5.140955188153466526e-01 1.177760807109837549e+00 8.015159051039855154e-01 5.623709117234720889e-01 1.493510030890730533e+00 5.952842258441946033e-01 2.410516023068065283e-01 9.702817592851173956e-01 8.488481950602959625e-01 3.419686526252201930e-01
1.769930267235860111e+00 1.367541636582201292e+00 4.402267158274844050e-01 6.785673104687542367e-02 5.218557004807866662e+00 4.098819106360718223e+00 1.818354091412894506e-03 2.013488485985882814e+00 2.139778732218039714e+00 6.758657802159728778e-01
1.898172147847291935e+00 5.273784052925317711e-01 1.565727195778830461e-01 5.342085170892363344e-02 8.100406067233740792e-01 8.664731578267080847e-01 1.903841877534378224e-01 1.613118681681816602e-01 5.146907785307066607e-01 1.002000951765811942e+00
1.688307859171609415e+00 3.920330796677335417e-01 1.574759310951527602e-01 1.360684470472656171e-01 4.858764117895447154e-01 6.842986520943532547e-01 2.543242916233828255e-01 9.610587868848098625e-02 5.166217164443221987e-01 7.471315606912103391e-01
4.277186273108631198e+00 7.080132126268295911e-01 1.406785285038300026e-01 9.450977034955246325e-02 9.431522047163654054e-01 1.971127861404071702e+00 3.098165357932607389e-01 1.543948193640083955e-01 1.232608601704093809e+00 1.887182054978124635e+00
1.758075499622967719e+00 7.243699222118448189e-01 5.613610529907222535e-01 1.988461536391698814e-01 1.113522112411179599e+00 1.090058769111534875e+00 5.466174412831164425e-02 3.987262877937404193e-01 9.360338627537778677e-01 5.804888336852478403e-01
7.776999317744777152e-01 2.443935087839808951e+00 2.340187275555758450e+00 5.587252338475821922e+00 2.203141545744979446e+00 2.464563660490888819e-01 3.072892570544687452e+00 2.976126863128383704e+00 9.264346231457045722e-01 2.176710283348943786e+00
3.777397199086572899e-01 6.940992409881118208e-01 1.847660264806745278e+00 3.529819808815745752e+00 2.412065052545230570e-01 8.035099763517597471e-02 6.526345645100137816e-01 1.309805527178517393e+00 2.273502074982403920e-01 9.486397641622602572e-01
7.281939720182114550e-01 1.451172434882655349e+00 4.184932350487739150e+00 9.149316185356779485e+00 6.388918116747431819e-01 3.849013164220522754e-01 1.975826703550499941e+00 2.679434725283905472e+00 3.925362678852227782e-01 2.487725918140172077e+00
5.385079297838309964e-01 1.513760505701172265e+00 3.031812351442861875e+00 6.250620699086262277e+00 6.616927722887651075e-01 5.895936641131269834e-02 2.171171118198749195e+00 2.255121246374500288e+00 4.017671869025818410e-01 1.749124468833095580e+00
1.881725930339535890e-01 3.097949077905206572e-01 2.740731537957878383e-01 1.892375427221588413e-01 2.243065752647621924e-01 4.379443039480824390e-02 5.045871410858132622e-02 2.567771093075092437e-01 1.873305883064589339e-01 1.149667833875933076e-01
1.129002707732860988e-01 1.792315676433288152e-01 4.192013598695955023e-01 5.976620772742441412e-01 1.044689269973410328e-01 3.763982070849074268e-02 8.978350765217255058e-02 2.659266384779737091e-01 1.026828176474922777e-01 1.617203958980878431e-01
5.983602827623460962e-01 3.992467345060522477e-01 4.745728838107871050e-01 7.276137191901594914e-01 1.973881731180688881e-01 2.573838491976428999e-01 3.757836212903873929e-01 3.267811492456119127e-01 2.919821417747450187e-01 3.326368401134489616e-01
4.163009371633044076e-01 7.817545478723403329e-01 1.132439517286423003e+00 9.873281076566727821e-01 5.287381333064601341e-01 2.239404451327001722e-01 2.065797304693680059e-01 6.039633959831050003e-01 3.001477319409006084e-01 2.589401546738060444e-01
4.153335792833651396e+00 3.745114783760556509e+00 2.889498817224953164e+00 3.751845631413436521e+00 4.898136142933954273e-01 3.887166147753563727e+00 1.479953838022922241e+00 2.544798931386308971e-01 1.772248482690775395e+00 9.505506769115199539e-01
4.309242745914938943e+00 7.405717736369692439e+00 5.969587442078156947e+00 7.948747696609741453e+00 1.333542490792996929e-02 5.378036559289632201e+00 3.103011224667748369e+00 7.447795261839043612e-02 2.303604750979940885e+00 6.010237042884083447e-01
1.856229234469923828e+00 3.774192955020174267e+00 3.079137735659378095e+00 4.065228669692781516e+00 5.830338385092784931e-02 2.583768171130315761e+00 1.640458029191764311e+00 1.130812079967088851e-01 1.200433267865127496e+00 1.497505807713977732e-01
2.779326619340733551e+00 3.246633742721168225e+00 2.563752630990666859e+00 3.372044379197714381e+00 3.243690240884919973e-01 2.979479834291102414e+00 1.422639042721361102e+00 1.769043846803423359e-01 1.262054542517212719e+00 5.217630539841041637e-01
7.495009364255853512e-01 2.574523300928284186e-01 2.047538631686905974e-01 1.354184542980983730e-01 3.229970369619980519e-01 5.032754880091767635e-01 9.790637041436817123e-02 1.288766396657571311e-01 3.355063653932529033e-01 2.598161941508841943e-01
8.195675752584604679e-01 4.614297563549556447e-01 3.831816900596546893e-01 3.444740213814378449e-01 2.752054944690777161e-01 5.738803558775413816e-01 1.590930524216803421e-01 1.880752986806472626e-01 3.982606812778035632e-01 2.587902321196122735e-01
4.479085513501966931e-01 2.043079433693705538e-01 1.408378650324621506e-01 1.831032853346461764e-01 5.525799307174710656e-02 3.017819025692852208e-01 8.018502746409475468e-02 5.037913881931083832e-02 1.954561359021330658e-01 1.407513186592933008e-01
4.884426110051300896e-01 3.537330595171299663e-01 3.166921555438829694e-01 1.763542147762580392e-01 3.131513186103079827e-01 2.845499759038597754e-01 7.985173732294122140e-02 1.879020479366415586e-01 3.408720377037975924e-01 1.376159201048914593e-01
4.943053557557569033e-01 2.462230731640933534e+00 1.711497065215470847e+00 2.002737638866443515e+00 1.204521911321222660e+00 1.191110619439026852e+00 1.003814477890703216e+00 9.423648701359543800e-01 1.013543034864275327e+00 1.093357952828550861e-01
5.598168157869906070e-01 3.395239198142768089e+00 2.509315287344840328e+00 3.155328292819650216e+00 1.213942539105173690e+00 1.273559639733704341e+00 1.626076222577979014e+00 1.150103196957426910e+00 1.347476679684600276e+00 1.650075334892658341e-01
3.641749733453786275e-01 2.515650108422260445e+00 2.290010110817943811e+00 2.102494428278178784e+00 1.197115994645591597e+00 4.136317740793083453e-01 8.876644763005399064e-01 9.966064357945068064e-01 9.738555849838991252e-01 1.971313591310575597e-01
5.095411605195050431e-01 2.063995424637374398e+00 1.355711990609101303e+00 1.491196262148384744e+00 1.730437661068977562e+00 1.171742515404672114e+00 1.048930319661129262e+00 1.325805398659889445e+00 1.153615093777672795e+00 2.218490457482355516e-01
1.259217933821670021e+00 3.149164230274739129e-01 1.189752339050497154e-01 8.103460150901115044e-02 6.646538804767283537e-01 7.831051227001268877e-01 1.578159757093514082e-01 1.700547991909135137e-01 5.071822415385803806e-01 5.176871405310710106e-01
5.158269197562872499e-01 2.630478006593903739e-01 2.476642146098749220e-01 2.013826028044243266e-01 2.964888740355027252e-01 3.542145362479046655e-01 8.716848267551752238e-02 1.729856432062427118e-01 2.783371471740263003e-01 2.026977333002024373e-01
1.731168353837987617e+00 2.678426576746359977e-01 9.048254080946699363e-02 8.800406720628616009e-02 6.283010212573181263e-01 1.095955283272681990e+00 1.476564003629401156e-01 1.423396832043425098e-01 6.263553582793439656e-01 6.849534079011008192e-01
8.225239325592939021e-01 3.326679051245942098e-01 2.480967594903755735e-01 4.263801312842567526e-02 6.333616256654669430e-01 5.530876275014545707e-01 5.341182657197726669e-02 3.232231745416717095e-01 4.564783681458038367e-01 2.897115233106438703e-01
4.199323612380856940e-01 2.432503702426504599e+00 3.773297463769461846e+00 9.352126983974102359e+00 1.673713585674142745e+00 7.299844249114023631e-02 4.032437388502804865e+00 3.315335041475673705e+00 4.518049577408266293e-01 2.850059205438356891e+00
1.652226916883761110e-01 5.629697391637985548e-01 1.583500599493025573e+00 2.960878467987249074e+00 2.716635111050550444e-01 1.311345259611222669e-01 4.942310273540017063e-01 9.276468324048089409e-01 1.427050844449519462e-01 7.240102692956694730e-01
2.216568853746688772e-01 1.051926784460022635e+00 3.727077293335398167e+00 8.205911831119273359e+00 3.618870511510755561e-01 3.459651381289629013e-01 1.377837533540316795e+00 2.404985899387332093e+00 2.587891083768094000e-02 2.045595535152823441e+00
1.355983110752032317e-01 1.285222790825789607e+00 2.941897188651355854e+00 6.457591726855060443e+00 5.883485484071804272e-01 1.518443817936940277e-01 1.835176008786923996e+00 1.958471481421861782e+00 1.871046283138076971e-01 1.640064386198625712e+00
1.380736910871636081e-01 2.081201466557330848e-01 2.020749383559329315e-01 1.985656092449325227e-01 9.632351346733737663e-02 2.952235029610916425e-02 6.101299696526910760e-02 1.546410587676879667e-01 1.160762453473943856e-01 7.256396648746180067e-02
6.212171612254876324e-02 1.736499360450922957e-01 1.680235374518029845e-01 1.868181934338947747e-01 7.489024535713402486e-02 3.899084427913983297e-02 1.421313203640579559e-01 9.905042764605850869e-02 3.874430529160498987e-02 4.266888727691182936e-02
3.454024100191504520e-01 3.189396583420836540e-01 2.888958698572595130e-01 3.724835862739624970e-01 1.323475726433051003e-01 2.378572038479334627e-01 2.096058357852838561e-01 2.113070197216688206e-01 1.415297301345140313e-01 1.786914063918174367e-01
1.130963276927872824e-01 3.080212315815015200e-01 6.510737495174703238e-01 7.899952496593267703e-01 2.322103102711922107e-01 8.155424814904177477e-02 9.221613182236658435e-02 2.752272277596066741e-01 8.896395905036369456e-02 1.722705219699994517e-01
5.269886702551747959e+00 1.929086343447577123e+00 1.271345841479118333e+00 1.612693558054778098e+00 1.329548682058425246e+00 4.001537230239319065e+00 7.526708068362960580e-01 3.550576647047840595e-01 1.902701637202890872e+00 1.623147008780642775e+00
6.139353989952776480e+00 3.103318107182047925e+00 2.207324701721997684e+00 2.948601110614983423e+00 8.531359248112239113e-01 4.642670943178844212e+00 1.282540137800876501e+00 1.556841367168871615e-01 2.173024482553997938e+00 1.834684596836308357e+00
1.440778142047941968e+00 5.786803992718828615e-01 4.047107360304648127e-01 5.425053826375797472e-01 1.371967536657191233e-01 9.364823838562910119e-01 2.939872565295370554e-01 2.173780585795273904e-02 4.690360378864801838e-01 4.636928497991573694e-01
5.515085476222315819e+00 1.642159943507033981e+00 9.920483369146957386e-01 1.081068640828385163e+00 1.310932433243281015e+00 3.653195754118756966e+00 5.743987793548511744e-01 5.109487538267023510e-01 1.927555335144368609e+00 1.835017416317505257e+00
7.364723388885738853e-01 1.473138740259067436e+00 1.008464267785359691e+00 1.721873879796722018e-01 3.199660525082268947e+00 1.329995285600931609e+00 6.591308758730615724e-02 1.262151417385620089e+00 1.417872014672520553e+00 3.076498535935693890e-01
1.120871526096704374e+00 9.231073751752041368e-01 8.461220489331063854e-01 2.873290365625296161e-01 1.167698814999051038e+00 5.315819532986261198e-01 1.532235801229562266e-01 4.883901979353748590e-01 9.317274762303037194e-01 3.473678974196280356e-01
2.958638967964983824e-01 1.483602873026988456e-01 1.555338534945195639e-01 9.139816553005376820e-02 1.491183941381512279e-01 1.229168651832697190e-01 3.352022761619147251e-02 3.246372877024181203e-02 1.515990609943766165e-01 1.239788244614064006e-01
1.333297089273377534e+00 2.564291606447267835e+00 2.092682948093445905e+00 2.104756600970248415e-01 4.949599172061842189e+00 1.332406660375430985e+00 1.468289295179877885e-01 1.850754650558446013e+00 2.388938433974435949e+00 5.079228875586712100e-01
5.403661356145960104e-01 1.125603350263275404e+00 6.372737534150422212e-01 2.671606497203455888e-01 2.314885410136049870e+00 1.017067468672568253e+00 1.424144856729420705e-01 1.265361697170349853e+00 1.020971682134260039e+00 3.665414433688225504e-01
8.634865743226203261e-01 1.297379043656015085e+00 8.262026161481654807e-01 7.789633289920046000e-01 2.001208861957917140e+00 1.644768049359160544e+00 4.669715935881684765e-01 1.101278691746904848e+00 1.130718151847735164e+00 2.859338232929121704e-01
1.404160403696132486e-01 5.117406336555397894e-01 4.488694288158644463e-01 3.709465733519080599e-01 5.612688378021721824e-01 1.705616597821571490e-01 2.377394643484118664e-01 3.943079544287062532e-01 3.004073261898198011e-01 9.764474635276690351e-02
9.220193364640829614e-01 1.394181082185584675e+00 6.717803848571256564e-01 2.248005007809182332e-01 3.081890828461230747e+00 1.871608019520405897e+00 5.780220570572872779e-02 1.537305980574144693e+00 1.354586897503969878e+00 4.405360278091715043e-01
3.317095685643134839e+00 3.439612493712115526e+00 3.551927784848561309e+00 1.954363579153954866e-01 5.765242393681039523e+00 8.024585163922539621e-01 5.516638924464346838e-02 1.307292745476102747e+00 3.426314748334422511e+00 9.545365829603271735e-01
8.903728043918257562e-01 8.321912773208427483e-01 7.723766498968979155e-01 2.014273896498620653e-01 1.082250904217623155e+00 2.714264890614199177e-01 8.462576541665176033e-02 4.745020661795065209e-01 7.902793656989605120e-01 3.407403455049572982e-01
1.455611596133296937e+00 6.197419374832471295e-01 4.296686416928060526e-01 3.465272581387553869e-02 1.199375273757175897e+00 8.918181655137686903e-01 2.980658532574499437e-03 3.762592826395664281e-01 8.148431796428079465e-01 5.362484340909834390e-01
2.147649095870402203e+00 2.281343329346677606e+00 2.335668194001949693e+00 1.182488751850543779e-01 3.895398652474153955e+00 5.049015214367453819e-01 7.252331451621261971e-02 9.675654325628105790e-01 2.270532408928485513e+00 6.676534462482091037e-01
1.764108432095933710e+00 4.572261351370279669e+00 4.473608145097163202e+00 3.643956519169664343e+00 5.466557820392248246e+00 7.424442389560342859e-01 2.098018640868184459e+00 4.974545141925995395e+00 2.482207417359380219e+00 1.754684069426261317e+00
7.739226327465736910e-01 1.783787437847738300e+00 2.996407961249342833e+00 3.310317200116561498e+00 1.350078820840711957e+00 4.559080777619568814e-02 7.038974883985699149e-01 1.900898467770411715e+00 6.510518186677214381e-01 9.433204984685432670e-01
7.006605056005592580e-01 1.861146819793401797e+00 2.225042773693784781e+00 3.103484794387080470e+00 1.556738442393068578e+00 7.498632069067429073e-02 1.349412028157539245e+00 2.219051535530173425e+00 7.648468176630927040e-01 1.114349009180198635e+00
1.441019473742839452e+00 3.321760139669694301e+00 4.856703416543933116e+00 5.679251349738932753e+00 2.347459417897332479e+00 3.060012677078634453e-04 2.581997886697268374e+00 3.852590276833761429e+00 1.194853108424930754e+00 1.735172550065557262e+00
1.262749624335263610e+00 1.645369994716364914e+00 1.869434671134516002e+00 4.505493080356546415e-02 2.577352505136465410e+00 1.049862704429526117e-01 1.271776122045128188e-01 8.307554119010565064e-01 1.535147278517976055e+00 2.294811061207976122e-01
4.800587615539883002e-01 7.456424542801500799e-01 8.669889579555809522e-01 2.519383142179100199e-01 8.784370237154084382e-01 5.924278008625440128e-02 2.182316388500494808e-01 3.785927130816121311e-01 5.628004517495176495e-01 9.622748917169120231e-02
7.692979789915510569e-01 1.052599053319682287e+00 1.076723899046349686e+00 3.151940402731102653e-01 1.276587697970028579e+00 1.988180997034570408e-01 6.995243470680140296e-02 6.545859330065741943e-01 7.319655161669199606e-01 2.956300234121424508e-01
2.623733251160699442e+00 3.763310357119865390e+00 4.472736851517999490e+00 6.846400159051410084e-01 4.911639688911876078e+00 5.230635468508890162e-02 6.309900903268574890e-01 2.124997041134446096e+00 2.840275459150871651e+00 5.814806691681851936e-01
