3.874015994647326711e+00 3.996464029650751426e-01 2.373439108246834905e+00 5.047140017025715686e+00 2.241932625918380495e+00
3.046191560949695454e+00 3.274823239224249893e-01 1.820550784842515535e+00 3.859885022026706469e+00 1.684082987623092942e+00
1.427491821470718625e+00 1.160420205744427669e-01 9.825708196534796990e-01 1.930791899671713274e+00 9.054053400531738571e-01
2.708200244076771845e+00 2.685002936726730294e-01 1.482248273914921644e+00 3.359330252571525399e+00 1.378457603152030586e+00
6.503463007714028743e-01 6.311531713401346000e-01 3.750702916853592139e-01 7.153892973481331685e-01 5.352331426271872417e-01
2.843916382914568608e-01 3.865689488240128258e-01 3.101547724448048271e-01 4.322061675524335733e-01 4.086106112164469284e-01
1.309366858479527607e-01 1.696114900399460224e-01 1.169784417850803782e-01 1.541644211171664391e-01 1.600040691910311064e-01
3.603842474019183784e-01 1.013863909370672722e+00 4.616145681792789834e-01 4.382279257262359229e-01 7.239362780683089582e-01
8.639358985812658487e-01 2.303146949591368564e+00 2.414308744333665047e+00 1.262072049217691339e+00 2.243005016215343872e+00
4.648655249668115497e-01 1.139049277610874489e+00 1.691749678492623810e+00 9.633266140610453609e-01 1.432789084453614414e+00
2.775400825989867704e-01 9.184745586186585653e-01 9.798234392611626653e-01 3.724510442597173676e-01 6.655976728915787843e-01
4.773074938836265879e-01 1.569974380395052993e+00 1.770001605972254310e+00 8.514562008032422469e-01 1.588866232487970986e+00
9.110544459634469794e-01 1.234694529341920699e+00 8.429406444136766652e-01 8.244545153801119408e-01 8.858316442285187886e-01
4.700267036552503441e-01 5.925614098955086506e-01 5.097517719522792756e-01 5.953488147570807909e-01 4.651630340783719508e-01
1.155457023914465697e+00 6.035669130464728083e-01 5.737969762344596880e-01 1.043349396346308300e+00 5.254938629494128044e-01
4.906942570329752007e-01 7.178806716530074183e+00 8.348770635477231750e-01 5.076370340813403104e-01 3.737270306717782375e+00
3.980883158445685854e+00 6.524435860452940439e+00 1.033075014721474005e+01 5.734298801080128349e+00 4.992741694542687014e+00
1.123180093769313936e+00 7.593694851271933777e-01 1.495316176598886493e+00 1.836716606678016284e+00 4.307703723629564552e-01
3.561349947238758418e+00 2.952224260640708309e+00 6.198202750926078863e+00 5.255056072526326005e+00 1.947003560120960763e+00
1.598140881371865163e+00 3.390936209379958655e+00 3.809049951321436644e+00 2.427673567195474558e+00 2.213921640866787222e+00
2.200613758029919542e-01 8.375783960409889373e-01 4.293396773751173567e-01 4.359114108947834687e-01 6.000859971526055769e-01
1.256245568929040268e-01 1.919924063171314921e-01 2.024764420371491236e-01 2.678578571908684092e-01 1.542023923147720632e-01
2.303813068552105769e-01 3.218781490860668781e-01 2.930024976709348916e-01 3.726546922431812625e-01 2.782573609257043001e-01
2.619860796453697405e-01 9.380998635044959233e-01 7.361101454343584871e-01 6.312050400589122034e-01 7.446433186933187898e-01
7.410095612977934287e+00 4.589056017320682912e-01 2.126555599404837515e+00 7.364700639803513305e+00 1.785415193021982150e+00
7.327004335762384635e+00 4.127455439891157540e-02 2.255184465928679494e+00 7.822916062287284866e+00 1.962001910948142802e+00
2.248544166929910659e+00 7.620662609733004633e-02 1.030483623191174924e+00 2.670538184180417662e+00 9.382959075709331742e-01
6.582801226783947968e+00 2.424919928911490052e-01 1.582483049546599574e+00 6.473585276338289063e+00 1.099015816805674950e+00
7.379613481936739827e-01 2.706428575444702056e-01 2.810183371324752599e-01 7.560266058652839183e-01 3.112822607313547874e-01
6.472078162272129065e-01 2.898138157888248134e-01 5.321010780522421602e-01 7.980288585273338509e-01 4.854881914592273917e-01
3.186190626268372572e-01 1.177457021567420159e-01 1.599899741020190946e-01 3.144095881360208788e-01 1.477298380195264937e-01
6.471869698505882118e-01 7.408622586493576190e-01 6.252468608773124048e-01 7.761609904678959948e-01 7.123087715322908853e-01
1.163885320985594163e+00 2.773535023104130026e+00 3.001682615715285607e+00 1.064412938476650750e+00 2.425995232355679487e+00
1.101573308540075846e+00 2.185752567982614636e+00 3.081274714815305238e+00 1.253339222597464664e+00 2.273424394677144633e+00
4.304186340365120378e-01 1.590619962076683436e+00 1.243893823486357686e+00 7.205055883580198106e-01 1.316117571635347261e+00
1.447792370986098476e+00 3.355424852297371530e+00 3.579693258344827989e+00 1.190886505591152611e+00 2.841545727285120115e+00
1.342919522819745914e+00 6.198712399777275284e-01 5.612130487795875533e-01 1.177519488545030413e+00 5.191449836207642221e-01
1.178594738526229424e+00 4.182027376153073517e-01 3.758821004767388119e-01 1.096667542507258730e+00 3.639910598995008684e-01
3.011536835993692929e+00 5.776831085219454875e-01 8.408414170926991060e-01 2.724963021609965175e+00 7.041835043190739496e-01
1.099719847666945416e+00 1.137818136641906897e+00 6.682355118315052023e-01 1.144286397580664527e+00 9.184050234724902007e-01
2.528037637382260172e+00 2.673048713694696321e+00 4.454302576475361874e+00 3.664678858006206852e+00 1.784478144263589972e+00
1.478802878731986237e+00 6.320765300879591653e-01 1.639880155736822331e+00 2.302119384711112104e+00 3.300160944792081552e-01
3.669944102348177140e+00 1.102963933950471320e+00 4.366576876230121584e+00 5.645573421929503510e+00 5.899842321661536992e-01
2.463151136872046454e+00 1.399865401081723748e+00 3.391601000316047276e+00 3.890577616786254911e+00 8.403595105855425906e-01
1.494783721456838521e-01 3.897129706811728322e-01 1.942565962591533413e-01 2.476130023051695550e-01 2.776001327613171754e-01
2.503511293127842485e-01 2.453842395975679991e-01 2.882153228263855671e-01 4.134750908605916431e-01 1.540607788811887702e-01
5.818011499197708325e-01 3.717127692718644183e-01 5.144445541589988125e-01 8.032437453598426647e-01 3.480100371172207274e-01
4.290504357883428987e-01 1.009578436660500067e+00 5.869062806728350123e-01 8.448061278773159044e-01 7.097453805522483394e-01
2.873474967738902208e+00 4.400326511925056194e-01 3.499867395216458288e+00 5.563421146302939491e+00 3.557979981424826299e+00
3.148698355393006576e+00 2.574512683259849721e-02 6.595981045416612787e+00 9.227449994043139370e+00 6.719298041660475285e+00
1.377137039144813446e+00 6.806430431440547990e-02 3.444482492978439225e+00 4.538233183995218134e+00 3.501941878840327593e+00
1.944913668275612961e+00 3.030209611210223919e-01 3.031179345308053996e+00 4.423950929132470122e+00 3.059175877952502898e+00
5.056728155868738250e-01 2.956146114331694719e-01 3.000383664571626419e-01 5.620322221953553132e-01 3.299134245212119176e-01
5.540499129873868167e-01 3.411995216874569303e-01 4.384216747025594940e-01 7.763273954772731411e-01 4.924179962505934594e-01
3.137957782733676315e-01 4.822764196618360699e-02 2.167673972977807173e-01 4.252683929902361104e-01 2.016909716383788187e-01
2.958730415929751167e-01 4.073917971191091114e-01 2.802582780653037897e-01 4.270003757947645751e-01 4.088279818503882668e-01
4.613541779975665058e-01 1.292928967971010978e+00 2.505235537123929213e+00 1.939151193333710221e+00 2.434755142308562270e+00
5.880887121433394649e-01 1.553056897542057335e+00 3.329587381575298100e+00 2.850025192922712058e+00 3.275165751436249550e+00
3.019842996327082862e-01 1.961794906443312669e+00 1.938675388309877512e+00 1.746580348895480972e+00 2.354550632034877466e+00
5.176456642214988246e-01 1.778864976611474358e+00 2.423457454365697039e+00 1.532581751171411488e+00 2.255859863808660215e+00
8.757021105042844811e-01 4.806761604230502249e-01 4.760969966024821143e-01 7.975211460075143366e-01 4.256957166798354120e-01
3.831399891884695874e-01 3.066692048585211161e-01 2.927232567505638761e-01 4.711882630661771709e-01 3.053746812797843990e-01
1.223523304175738957e+00 3.725997954809234236e-01 5.195272368751112646e-01 1.123279463519636145e+00 4.208617224970574999e-01
5.396667099970960946e-01 6.411521993583206847e-01 3.777218951769421018e-01 5.199917617500273703e-01 4.604945650091141207e-01
3.596453249694894438e+00 2.093446649823873518e+00 5.683606760249864998e+00 5.616215662926226315e+00 1.358284100687361828e+00
1.117429329010477090e+00 4.417340783190387143e-01 1.368448747077546379e+00 1.891291074708748798e+00 3.208673273576382323e-01
3.091092298713413733e+00 6.723715790897333289e-01 3.649788290275445934e+00 4.872911088352099185e+00 2.374012622492137625e-01
2.284777097298826387e+00 9.837444621436247649e-01 3.348346375002201114e+00 3.760892136989488321e+00 6.349161478930904767e-01
1.187456246720501318e-01 2.050410380546938693e-01 1.590332810093309790e-01 2.075313350572214888e-01 1.603250007601976779e-01
7.954877210369697138e-02 1.167898782322833728e-01 1.580126068718825938e-01 1.951566119972581170e-01 1.427246539089614963e-01
3.272780667646227881e-01 1.855305194251853085e-01 3.613241483673777510e-01 4.912606082263326623e-01 2.747838463792537933e-01
2.735947631976046179e-01 3.196134716564504874e-01 4.198739382444842683e-01 5.601038260733693930e-01 2.922048957267746605e-01
3.646856150731248469e+00 7.671423363416121077e-01 2.334146501205410562e+00 4.501269171651442136e+00 2.169194415111480811e+00
4.275718306110796618e+00 3.886560544668870576e-01 3.191611475913733731e+00 6.177727200469431246e+00 3.061543326575961288e+00
1.002268247781749277e+00 4.842528193247858104e-02 5.992020440788506930e-01 1.340252396554888481e+00 5.720099438047280271e-01
3.809858707600014327e+00 9.014563842899887547e-01 1.869632687418819383e+00 4.301047034857539586e+00 1.827941688415488430e+00
3.518245570680911816e-01 3.056876270528066541e+00 1.671253149175206287e+00 4.062294174257817247e-01 2.109083476919850320e+00
5.748026762615600083e-01 1.548070209719921486e+00 5.703171628164256379e-01 7.667907204542246946e-01 1.114918959229470818e+00
1.886731503802076271e-01 1.934288000870240665e-01 9.494986424063978081e-02 2.258503052750371887e-01 1.687489610120697647e-01
3.510183206627416896e-01 5.640103903386343376e+00 1.975239659836217410e+00 4.247539825608921404e-01 3.442496436426884188e+00
4.517329044736492771e-01 2.127430293139977557e+00 1.519226127346731126e+00 4.882600310202679372e-01 1.522756810621957779e+00
7.144349678125685443e-01 1.604850148919388042e+00 1.960983109807108660e+00 1.194649577774208105e+00 1.778665370613355057e+00
1.345503101208377905e-01 6.935545988366810244e-01 5.160886402185030919e-01 3.138328928270838203e-01 5.472804801457975543e-01
7.089038353628989153e-01 2.533605219066592529e+00 2.114621204139496502e+00 7.457521327137638378e-01 2.006381884615063615e+00
8.350899553532233899e-01 8.105551199043347310e+00 7.579033048598013966e-01 8.691685195982996603e-01 4.286073187438399046e+00
4.498627765909298803e-01 1.503268864436726027e+00 3.987867351196062726e-01 5.597679057387435764e-01 9.497048751836763003e-01
8.785167147924506370e-01 1.211520841487802480e+00 5.587833942031700252e-01 8.003643936417572657e-01 8.280539265128319393e-01
5.590605720229593345e-01 5.420443238148125786e+00 5.539229309314105398e-01 5.645842209460010253e-01 2.850582239359856551e+00
1.861871019339413014e+00 8.060136321537829218e+00 4.301097953676514152e+00 2.708493889479843375e+00 4.489479943956933283e+00
1.313970081818552682e+00 2.742037240336725912e+00 1.713256636500262831e+00 2.200150911082885852e+00 1.391918312685351378e+00
1.364301237030884684e+00 2.651007354967052532e+00 2.267272358502758323e+00 2.109395452465564702e+00 1.497910912110560933e+00
2.359413732549092035e+00 5.109659726671361923e+00 3.508597707372991259e+00 3.841229513860956235e+00 2.632930200998170545e+00
8.993947939523591617e-02 4.144613516833514311e+00 2.104638115057357317e-01 1.060815240115132174e-01 2.052625033837917279e+00
9.974440674977852472e-02 1.504488271058377347e+00 2.199949532566043420e-01 2.691208563144969479e-01 8.613999685323530109e-01
3.337614733548003310e-01 1.935210092425891926e+00 3.749974348998396101e-01 5.102326570532995653e-01 1.116171419382546270e+00
4.228148456228099095e-01 8.489275598529182787e+00 6.576819531346110859e-01 8.097890089425465732e-01 4.278427393544729895e+00
