3.549322885916313286e+00 1.335715688735127804e+00 1.780532099711306548e+00 3.668907310026513713e+00 2.797840266804693776e+00 2.840270432306391424e+00 1.162111629977506055e+00
2.691584697627596778e+00 9.489373164424773632e-01 1.394676083524406085e+00 2.735480054672518868e+00 2.240930022487628293e+00 2.270475898023941674e+00 8.191354704756158567e-01
1.360016856160847665e+00 5.062579543296898965e-01 7.612369531950315960e-01 1.530670186151634748e+00 1.038317421059981704e+00 1.043809009901927931e+00 4.201952512029078490e-01
2.305318239117821744e+00 7.874040180048919035e-01 1.133191661880629031e+00 2.225492671650600940e+00 1.949837346774288660e+00 1.992688106940368353e+00 7.397978225852279710e-01
4.542266073632102996e-01 5.251172635314423909e-01 2.408928786036953484e-01 4.411495461425957720e-01 7.913006349025508701e-01 6.161030706127821333e-01 2.993615056421041198e-01
2.741324207351356068e-01 4.025533725170726274e-01 2.631296118656563654e-01 4.630695222027816915e-01 3.951585579889523858e-01 2.245649374590759917e-01 2.254403289721519377e-01
1.217040444482766631e-01 1.399348676401728775e-01 5.789151188176229479e-02 1.359500867023078763e-01 1.937543111752632885e-01 1.404020245293348679e-01 8.367363610122405260e-02
2.947500320531565854e-01 7.668152729866811734e-01 3.078622118255710527e-01 4.976888013678924527e-01 8.360920719539288726e-01 4.711713053558469477e-01 3.186391426660025727e-01
8.688095605816471556e-01 1.353013357825304519e+00 1.960799575424724939e+00 2.671453368159083741e+00 2.271585161911219508e+00 1.402917111735699107e+00 4.612125142159229640e-01
7.202682267669224814e-01 7.819730600652196051e-01 1.443135534027066402e+00 2.087276558738338395e+00 1.169838845187686216e+00 6.300108447253734978e-01 3.404000182626620852e-01
2.035414197496279165e-01 3.780715603027149929e-01 8.991242802034984383e-01 9.271454075169132114e-01 7.365585255026741995e-01 4.733018270201180822e-01 8.975938321115486951e-02
6.436445953910983064e-01 9.462982756988709276e-01 1.441773280758963383e+00 2.044719158848143259e+00 1.467732416156845021e+00 8.141208349247081033e-01 3.336664517575690381e-01
4.614749150147726131e-01 6.566822991626100059e-01 6.540829135849199893e-01 6.986589704933910960e-01 1.415597167267305556e+00 1.098251461042397903e+00 2.261314383962040042e-01
3.918032125593369219e-01 4.347537572330038569e-01 4.334425598381683176e-01 5.578652872126563800e-01 5.898213194110919488e-01 3.895776821751988916e-01 2.470635555495606372e-01
6.041478489689335873e-01 2.670943631205858759e-01 4.625153208561604834e-01 4.863117135288151927e-01 1.171046439575218256e+00 1.138270136941370136e+00 9.945522187618389964e-02
3.148115955163596213e-01 5.588396134125329873e+00 1.542035909286474382e-01 6.891293097801803880e-01 4.267231877659956929e+00 1.273726010498687611e+00 2.184550023570400956e+00
3.154173962275456766e+00 2.276556948113181100e+00 1.060776485405551206e+01 1.028409993566457814e+01 5.345743182175990427e+00 4.347039728245325918e+00 4.782245024489940044e-01
1.112561774130878645e+00 6.572690895236107389e-01 1.674082852734222637e+00 1.816050499398776052e+00 3.572233072868180592e-01 3.713609011064301635e-01 6.837820773931522211e-01
2.960967770169121493e+00 1.238809203695480754e+00 6.842568553707974566e+00 6.492802348742346297e+00 2.167442399608113135e+00 2.269875442828532819e+00 9.989833227132858262e-01
1.351147108547674724e+00 1.826890383351038816e+00 3.846387025009766258e+00 3.889596495564836331e+00 2.298240580030202818e+00 1.571616756869887999e+00 7.823671392214575082e-01
2.903066078670895056e-01 7.437592893429868512e-01 3.344850501263371134e-01 5.499657131599071658e-01 5.369934048341368227e-01 2.015523150546222331e-01 3.647228042496700184e-01
1.701086628856925409e-01 2.187423749971039999e-01 2.097623862129127936e-01 2.977023307935086072e-01 9.396344023255476241e-02 2.918427416861602702e-02 1.381347995012518481e-01
2.238761447820643569e-01 3.122124067901528299e-01 2.828436779994979444e-01 3.633943537512118183e-01 2.554687557420811661e-01 1.844977592172049319e-01 1.766907526580045462e-01
4.202007204099948989e-01 8.402921708982573623e-01 6.272983048754872115e-01 9.997123904070386313e-01 5.482617141976251496e-01 2.076378919404058554e-01 4.702099948547262542e-01
4.613263143042360070e+00 6.352482094064151319e-01 1.631939704462171958e+00 2.417672924456425676e+00 5.136924339174622212e+00 5.801114142014597519e+00 1.109418961198883835e+00
5.066142385172604179e+00 8.723541478368559421e-01 1.683191318454099861e+00 3.110777592806307723e+00 4.733539749089931803e+00 5.467736668439561853e+00 1.318949350718763736e+00
1.804516504006045796e+00 4.931388217441967647e-01 7.790748330781289699e-01 1.544714905118971249e+00 1.519061417106204459e+00 1.644879042371012012e+00 5.239609906499546055e-01
3.963972876818761648e+00 3.857347366061240623e-01 1.088772922495578666e+00 1.741634195386868367e+00 4.207270134320549637e+00 4.922515157896329541e+00 1.340292534544925251e+00
4.753398758527821455e-01 2.255598483443396474e-01 2.014353852187926175e-01 3.280085723059266711e-01 6.503201434629624078e-01 5.984269870446137229e-01 1.655595934716612705e-01
5.304586126131433099e-01 2.735966028738457956e-01 4.112958740937583402e-01 6.942051068175268957e-01 6.321498601811321727e-01 5.317432136012165689e-01 2.364860066527557092e-01
1.877792669476377463e-01 5.846607355313516996e-02 1.196166838853271325e-01 1.592094076896737320e-01 3.007987402794335408e-01 2.937260458241053307e-01 6.455200036866820534e-02
5.261743435102099742e-01 5.662468683969110739e-01 4.128905170034330441e-01 7.242544611390008269e-01 9.117319650473955095e-01 6.647922755978674658e-01 3.442337077985394012e-01
6.067057508526484400e-01 8.899644295307264086e-01 2.417022394785675488e+00 2.739903856416759265e+00 3.088744891827936101e+00 2.134458451016679525e+00 1.718035422254292066e-01
7.768959057736017915e-01 6.205136396738002436e-01 2.597678495983736902e+00 3.090189727150575827e+00 2.657056015327454279e+00 1.804062820520514254e+00 1.991721159090818760e-01
5.005343427364361553e-01 1.113924351161454940e+00 9.963088821884333868e-01 1.408588250990901791e+00 1.259253224616288858e+00 6.925324641209151810e-01 4.163275089219776737e-01
6.131639278239519042e-01 9.337462126032203269e-01 2.818455752628602262e+00 3.102912534640068554e+00 3.792265308044979299e+00 2.786101094523234512e+00 1.385967759597794002e-01
6.443117840936886109e-01 2.979031654808457219e-01 4.118524616577635689e-01 3.336307656923763743e-01 1.272025096762583685e+00 1.441339758252703884e+00 1.157931391158933676e-01
6.352460064033444986e-01 2.639274153556273594e-01 3.461814507844537259e-01 3.113135221662054475e-01 9.789652039734649813e-01 1.032637929924224984e+00 1.112591299402976852e-01
1.587066007360933284e+00 2.653293087106923243e-01 7.423405936171235675e-01 6.382455235960132756e-01 2.323246614569504320e+00 2.660345357321733495e+00 1.356624490924521198e-01
7.396428754096218139e-01 8.352101017571301744e-01 3.984917312956782753e-01 7.120999345207292830e-01 1.432263058238941511e+00 1.063882738715648424e+00 4.769130569240537243e-01
2.030485527198443663e+00 1.288678880242482006e+00 4.791848810517982393e+00 4.632376409971221243e+00 2.008120391467512533e+00 1.851081495278722011e+00 7.835335402310077413e-01
1.364123468838982722e+00 6.353172984148540703e-01 1.929358573456310122e+00 1.995428621477756792e+00 3.211515331103547144e-01 4.583743456834118435e-01 7.580992907203516484e-01
3.291087630034584599e+00 9.397742266312119064e-01 5.131186299307306520e+00 5.153717743716139665e+00 6.047849917116250307e-01 1.198014510949223510e+00 1.672747163147010996e+00
2.251458435921660950e+00 1.037304388264401744e+00 3.863479962054630068e+00 3.935773322953067144e+00 7.655408820126078373e-01 9.608865336371489319e-01 1.216309994305178055e+00
1.714650477110583604e-01 3.463707673347788951e-01 1.312137761182556595e-01 2.994667816317831965e-01 2.705331284694714178e-01 1.394280427167213787e-01 1.412427590677335365e-01
2.685650645937452397e-01 2.431991078064420497e-01 2.765597852203954821e-01 3.920508316573030894e-01 1.498391700537428095e-01 4.066424696125948979e-02 2.780646032200982942e-01
5.111252453937318307e-01 3.864928207199029853e-01 4.716264851654369261e-01 6.514812496943029885e-01 4.100155412998837678e-01 3.795586208697136477e-01 3.137401943316616704e-01
6.208883670010714173e-01 1.025001192233775171e+00 4.518445251829142917e-01 8.898901736395752327e-01 5.976984213197183982e-01 9.947381884020090048e-02 7.378173521225238618e-01
4.376623798897970374e+00 2.494823922967230434e+00 2.416890591978549718e+00 6.173009136571567801e+00 2.163059604102787858e+00 1.907365064085239315e+00 1.743287102300475233e+00
7.761957407202030090e+00 4.839929410172183921e+00 4.280987042770851403e+00 1.247251195012902514e+01 2.061826735189558057e+00 1.715349131288536499e+00 3.301682914190403828e+00
3.880836666369338772e+00 2.515978416151678942e+00 2.260833188598053045e+00 6.498215883059057063e+00 9.554328447665408897e-01 7.093294709504434081e-01 1.665614129291242085e+00
3.574744046481870274e+00 2.165048834642780307e+00 2.064274693876399613e+00 5.452920862271340319e+00 1.472148670512887447e+00 1.180665704672046568e+00 1.530868107131402978e+00
3.612056683008416647e-01 2.526340780398496078e-01 2.114628542947893375e-01 3.658102287513093631e-01 5.121832370168781789e-01 4.301331314803051864e-01 2.001342820546410106e-01
5.152352769364687557e-01 4.366002822720519982e-01 3.534959474196802676e-01 6.783847473353086244e-01 5.306890629689001715e-01 4.041009534913154733e-01 2.975969168125724429e-01
2.969699693793697026e-01 1.286002262613046843e-01 1.770084437157329327e-01 3.364928871244680098e-01 2.273210158809889636e-01 2.459121553550039363e-01 7.552014450985722327e-02
3.292540497954445367e-01 4.012550290760025229e-01 1.398475624453544008e-01 4.199902590188356877e-01 4.424716503658996380e-01 2.549672027603219204e-01 2.374795182085158163e-01
1.653421971513625577e+00 1.743185826941234362e+00 2.029598131152691387e+00 3.901379578837059992e+00 1.197601922869487634e+00 2.605148010666422653e-01 9.911771384343610602e-01
2.449726625142734981e+00 2.517951680483324406e+00 2.728725127565928332e+00 5.407474091326196053e+00 1.343520150254898571e+00 1.676588677628565727e-01 1.383891460899750570e+00
1.449234938366544601e+00 2.404705239936818728e+00 1.289595854471161207e+00 3.155514707537618868e+00 1.152453608338260826e+00 3.962595207763740524e-01 1.190916433208275116e+00
1.240356885297007494e+00 1.580736013901586468e+00 2.005706042029108183e+00 3.273812599693600944e+00 1.535259341933447486e+00 5.957731162327122298e-01 7.775353524404327032e-01
4.871855297164435772e-01 2.218583009573332487e-01 3.996774340196442843e-01 4.159418835567568196e-01 9.056196651867587377e-01 8.353431157407688046e-01 7.530737126559797212e-02
3.079497905946400049e-01 2.657257456943228346e-01 1.917752739963241582e-01 3.619080021295555949e-01 4.123977772212634174e-01 3.176680955897644432e-01 2.502117075968715021e-01
6.671948927708700738e-01 1.582435867950077735e-01 4.279135753975774059e-01 4.340281216117635732e-01 1.059812896130530424e+00 1.148295721134580560e+00 9.170265405723072860e-02
2.912486062292016786e-01 3.998093495846156697e-01 2.753017791556653382e-01 3.544111946720950312e-01 7.402679912010097230e-01 6.123644635528799895e-01 1.498875674458512997e-01
3.228618735296391762e+00 1.112726613984225565e+00 6.459978650787880916e+00 6.337590581749717344e+00 1.301340387077166927e+00 1.558037481733927532e+00 1.431435644515632211e+00
1.229167549315211883e+00 5.183310057586014707e-01 1.503046335415164192e+00 1.758281910745384646e+00 2.152978483733636872e-01 2.213942676507340002e-01 7.227166612360582665e-01
2.851847853048579129e+00 6.905964351640526688e-01 4.514527269174071655e+00 4.414108201314726365e+00 1.437522005932030389e-01 5.963655365859478197e-01 1.534461924023848844e+00
2.178937724323641856e+00 7.618718546316294304e-01 3.923723921158135841e+00 3.950138245737638165e+00 4.115939576315292281e-01 6.977429910904373589e-01 1.074896029512929951e+00
1.509464394773488150e-01 2.060786982156510017e-01 1.128547568601650508e-01 2.081684487719505094e-01 1.493301103228097393e-01 1.098140973713187390e-01 1.035322729723942570e-01
1.493145562911238899e-01 1.557622263824080533e-01 1.508041498636785716e-01 2.556664903305047032e-01 8.082934974215340296e-02 1.127418931810621194e-02 8.321974839872989249e-02
3.291425891027441875e-01 2.196453309180485258e-01 3.131536221230316608e-01 5.045893542926560560e-01 2.557756950092412440e-01 2.120219812118792901e-01 2.054954436631094283e-01
4.495039635952233215e-01 3.842868588380322636e-01 2.600998360491049710e-01 6.110064467688255396e-01 1.984036412065009192e-01 1.001030720018360361e-02 4.926175487008613296e-01
3.067003258271152610e+00 1.230891696369605715e+00 1.922911934898298147e+00 3.307823507083370362e+00 2.948388729324195268e+00 2.748199348960165267e+00 9.782204814265217374e-01
4.492819739148385061e+00 1.885818955876085612e+00 2.332870077804120257e+00 5.196490440615986195e+00 3.084500993510886246e+00 3.067275554802123327e+00 1.511534032577669828e+00
9.341524349003722527e-01 3.420544616355192802e-01 4.404120289765021123e-01 9.707654412854581638e-01 6.906219642558639737e-01 7.289748723225780713e-01 2.949933366977554039e-01
2.850622999707685956e+00 1.109289792806429586e+00 1.422027470245471825e+00 2.483870100155309846e+00 3.079555146642443120e+00 2.970008288161273047e+00 9.957034783420990465e-01
2.551729696767803257e-01 1.802812996410969149e+00 1.130290160002064059e+00 1.556379932690705736e+00 2.326804777811087632e+00 1.145158329467306224e+00 6.269258765741226869e-01
5.515538781524189638e-01 1.319632102590135414e+00 2.602357078697480897e-01 7.258324442294941115e-01 1.259603014612194816e+00 6.596363746574613884e-01 6.420689518007270946e-01
1.594043127714456221e-01 2.008743318714090453e-01 5.957062062787468748e-02 1.453972530811011021e-01 2.132041336379209007e-01 1.422380848864676917e-01 1.248574496718610483e-01
2.252228941102459858e-01 3.782474143108952802e+00 1.126237421036140551e+00 1.781741791567440503e+00 3.755663714258283381e+00 1.593617930867411880e+00 1.395371778548030628e+00
2.842765445118121126e-01 1.104414246099727048e+00 1.170943955580240337e+00 1.401224927190309888e+00 1.745138139765354923e+00 1.011756763174499252e+00 3.547391078177401513e-01
8.684873450667061068e-01 1.082453360205250625e+00 1.642293761216903514e+00 2.330562503623569537e+00 1.643015369042328144e+00 9.627408824966205980e-01 4.159484450694653779e-01
1.997595938264199456e-01 5.405572563742127024e-01 4.430108265559478675e-01 6.269574354506664005e-01 4.551915316500192987e-01 1.846329473431131407e-01 2.496677063921590445e-01
4.633882287205416395e-01 1.194494758241030796e+00 1.631566391065186750e+00 2.004958574821676276e+00 2.361550249219420916e+00 1.435476548650541195e+00 3.530023594970657097e-01
5.531227428941842827e-01 6.498792977263234683e+00 5.806096461889610760e-02 6.849371357987843467e-01 5.014105542980622943e+00 1.484806880401961404e+00 2.574390399937823481e+00
3.970300421356970366e-01 1.255480683242972129e+00 1.807842934721233807e-01 4.669889152450636960e-01 1.106034192211106326e+00 5.355026614893620973e-01 5.362054532643248939e-01
4.863300259450973329e-01 7.754592835593332456e-01 3.365318799979746811e-01 4.631905843932839217e-01 1.348876287234697102e+00 9.918481571793609231e-01 3.350646966487768053e-01
3.498743406704849512e-01 4.302292191045024694e+00 8.864825556874840473e-02 4.437325440515668129e-01 3.343044711165974014e+00 1.063540335629209466e+00 1.670591133546130536e+00
1.491464698326480764e+00 5.432146758771956740e+00 3.957685970111150198e+00 4.239871182359476798e+00 4.910800177896714303e+00 2.351526775549917847e+00 2.117901599442698846e+00
1.299274707154022934e+00 2.394938355949386644e+00 1.914176628435020788e+00 2.107857953269456353e+00 1.338776409144366131e+00 4.560891456799915922e-01 1.441626423589993600e+00
1.217491173109464198e+00 1.882375953151195880e+00 2.314881096503424107e+00 2.442480258042041719e+00 1.579212037592100382e+00 9.847491587474830332e-01 9.892321121576612697e-01
2.230225995929414395e+00 4.069827251342042373e+00 3.570720583527386083e+00 3.987659177317756320e+00 2.636114491066430254e+00 1.358751335377545111e+00 2.369272033591177884e+00
3.398829596677892945e-02 3.345369035012154324e+00 2.019272562107029406e-02 1.813220411575168778e-01 2.276106580562793358e+00 3.123346685428098346e-01 1.357820466045736918e+00
2.011180932716734038e-01 1.356610545345041885e+00 1.708572597093851730e-01 3.614252084601013437e-01 8.016482337448187501e-01 8.493850095071460438e-02 5.499076771069512093e-01
3.212811969057041694e-01 1.665795719704111555e+00 2.614872163329984844e-01 5.044606788903701622e-01 1.174706524202184799e+00 3.639425963852540580e-01 6.945736168224840856e-01
5.186669993170721638e-01 7.176309789638382952e+00 4.972529416230491162e-01 8.885202415510653484e-01 4.509175662367682413e+00 3.580258708426811154e-01 3.013260088123799640e+00
