4.876689521890266832e+00 9.054076671801941645e-01 1.289648830096992160e+00 3.978039593191871059e+00 6.759899713630743712e-01 2.524085113110058565e+00 3.232689965709431235e+00 9.501908377771338676e-01
3.819189176333252611e+00 6.518413907919816674e-01 9.232633374918883806e-01 3.034414310631157630e+00 5.499898214703752286e-01 2.093625942013528363e+00 2.281427616337190933e+00 7.143952849431246532e-01
1.793298051770632506e+00 3.743638048667559115e-01 4.784514188930755196e-01 1.552658708707855606e+00 2.443379147645016458e-01 9.875846777072099236e-01 1.346842590333607870e+00 3.755044115473344934e-01
3.389422903634094819e+00 5.464013114153521977e-01 7.833182633758143387e-01 2.618303807217312595e+00 4.657461962122121379e-01 1.743462179674421186e+00 1.892890934508806522e+00 5.852358095696627016e-01
8.555525713548648437e-01 2.698836507432846310e-01 3.834746846254228902e-01 5.203166633521174589e-01 4.038119964282548269e-01 5.659064216767037969e-01 2.602317200882915404e-01 1.997701451665430117e-01
3.987251305950487712e-01 1.837420516260618308e-01 2.968137662320419756e-01 3.749368972298249281e-01 2.619413765490778423e-01 2.857461407919166807e-01 3.902285995940852903e-01 6.601305721755393319e-02
1.693634381867032135e-01 6.222749085904968891e-02 1.017905234268838971e-01 1.127508017870473278e-01 1.121604928062077122e-01 1.473659227340832212e-01 1.233090345692278156e-01 6.790365233790601751e-02
5.390759758288289349e-01 3.462353151301831300e-01 5.266925972353819763e-01 3.943122546506560022e-01 6.349739846397195464e-01 5.997517448833800113e-01 2.586985757544372211e-01 1.114947844704672064e-01
9.969293162109469364e-01 1.036911472779696641e+00 8.581247675037553257e-01 1.223703734133841481e+00 1.674142681934107646e+00 2.961076084343080339e+00 1.141541843473395268e+00 9.057739263104098715e-01
4.853632613114513550e-01 7.073973057463689429e-01 5.658287616118005126e-01 9.495132179081178236e-01 9.518602358664938201e-01 1.709516177510274293e+00 1.093734820441615296e+00 6.468893454290998157e-01
6.211049232535560682e-02 5.559818522269029950e-01 3.446799180970216425e-01 2.922651187567951725e-01 9.080430224993297772e-01 1.011306138248129649e+00 7.740442802649179221e-02 4.936869608704803625e-01
4.902004171280096578e-01 7.980456008329820383e-01 6.444707499472417389e-01 8.218584122208730802e-01 1.156108490197736760e+00 1.960595534248406269e+00 9.586186557551124032e-01 7.500243618125665979e-01
1.081776532834880733e+00 4.117765751490519710e-01 4.272108947800002388e-01 5.553012750058088365e-01 9.073352341124356624e-01 1.391329305272751338e+00 1.857765962858550779e-01 3.890843677556306002e-01
4.599742311612974310e-01 3.149014614425477698e-01 4.451268419511720253e-01 4.427668993020139609e-01 5.700520615212723019e-01 4.691090325777734216e-01 2.145412168102628081e-01 2.592831882446341440e-01
1.365834258905616716e+00 1.867619961361851599e-01 2.037188478392640834e-01 6.800098306297531758e-01 5.088542494494343593e-01 1.136108896154101489e+00 2.417895795612595156e-01 2.728902429635121640e-01
1.585301739281242739e+00 2.445068207917893144e+00 3.483190718373320394e+00 4.467316871089730412e-01 3.850057722344256028e+00 1.110570344563182044e+00 1.400201075194340838e-01 2.137712673893022997e-01
3.824950322454895302e-01 5.953773372907682493e+00 3.810895911792911317e+00 4.079259654616612885e+00 9.280223430294238796e+00 8.256949765122671536e+00 8.194728255125114380e-01 6.050608330900791643e+00
2.054815181808286317e-01 1.000126553904505222e+00 1.616811577389183574e+00 1.235376289509080072e+00 1.918386893035688656e+00 1.134564853250880773e-01 1.232351172705986320e-01 1.156892234800442010e+00
4.632020353416497760e-01 3.912229062762184739e+00 3.689542899424385958e+00 3.572482873901608347e+00 6.461802464109243971e+00 2.991261862413386208e+00 0.000000000000000000e+00 4.122280665010570999e+00
2.943206572445073999e-01 2.561026639775365599e+00 2.378187854939834533e+00 1.750390851920202717e+00 4.183997036913547518e+00 2.604809212377796168e+00 1.850879564210075601e-01 2.259300984195249384e+00
2.842448080858623882e-01 3.367523022914404307e-01 6.485930908204771139e-01 3.881434389642274829e-01 6.050001334908202688e-01 2.767309389043117740e-01 2.701175622371944640e-01 1.799475528300523708e-01
7.060254694617061622e-02 1.446147370898394069e-01 2.662669788602279874e-01 1.930919599008779075e-01 2.476806255233295895e-01 2.147120169517541949e-02 1.499681399166715168e-01 1.395439389285496323e-01
2.289890341950791552e-01 1.815919658532829384e-01 3.293887607134214912e-01 2.870523567578907587e-01 3.247255877906398691e-01 1.636850135737197842e-01 2.037511017658960311e-01 1.461253630993062380e-01
1.970138845761710833e-01 5.389390505632860595e-01 8.175047822574057488e-01 5.662320534844893505e-01 8.632965130050425095e-01 3.689543766588815887e-01 3.674491270368806517e-01 3.174281794128317458e-01
8.940954489945987405e+00 6.527637344262212649e-01 8.138969424553159637e-01 4.985261855671893727e+00 1.042657784478848049e+00 4.274084210362980585e+00 2.129162018134177714e+00 1.208050218504445050e+00
8.951862775389402671e+00 8.348001456914718732e-01 1.088751869301897157e+00 5.528049966647542668e+00 7.834720431619116576e-01 3.746398028592223373e+00 2.861937055645507044e+00 1.170848672632603726e+00
2.786375657993172439e+00 3.693287212460434898e-01 5.228582965632916357e-01 1.986249407254303545e+00 3.037316440874818779e-01 1.292782026952809638e+00 1.423456013603611847e+00 4.569292827313363725e-01
7.674993916906283964e+00 5.613509111315904132e-01 8.917872690452688378e-01 4.237427899762860939e+00 1.116269597402948399e+00 3.154827880797217876e+00 1.335291574085912369e+00 1.067499779280058458e+00
9.158106495698647986e-01 1.346898864503601190e-01 1.939774353005840335e-01 5.425846401490831417e-01 2.466894908334593406e-01 4.981063912542189609e-01 2.123373440338946483e-01 1.283122133711159796e-01
8.030406047984750550e-01 2.417531098208387519e-01 2.192581244418060349e-01 6.962369718888612447e-01 2.433319296837011814e-01 6.620623535740854937e-01 4.117804669641939586e-01 1.676669956982512477e-01
3.605107133403102626e-01 4.272338239790786363e-02 5.837058470824002532e-02 1.781458947908591550e-01 1.199830180521239964e-01 2.839207154189527516e-01 1.569855185333223213e-01 1.074043792080340426e-01
8.300088532398781638e-01 3.046516481660709319e-01 4.276662950114965001e-01 6.391181491079245269e-01 5.140927317534893515e-01 8.411775400956269522e-01 3.913674005881528917e-01 2.491089858721075023e-01
1.162297135609476229e+00 7.265104293795309198e-01 4.576147635747691567e-01 9.762454656054381230e-01 2.004698485231326543e+00 4.620763465230011136e+00 6.984437701951410338e-01 1.169692554053935574e+00
9.828001107026360650e-01 7.591922106329396236e-01 3.564026154265191870e-01 1.133991113740449475e+00 1.740390552950263903e+00 4.341914535321466317e+00 9.885717756831988723e-01 1.312176156017466067e+00
5.032657185838885772e-01 6.949883208319858063e-01 8.220885241436104440e-01 7.128997440990454404e-01 1.143016466621101124e+00 1.331212013215658629e+00 5.673840120361083317e-01 4.602114736471340506e-01
1.448462593307948465e+00 7.202407618769945952e-01 4.332281329128497283e-01 1.085993990982807134e+00 2.417275782454533228e+00 5.784409140940555361e+00 5.985016703125496385e-01 1.362498322985972621e+00
1.609992692294414329e+00 1.955443105561256445e-01 2.106406666441864584e-01 7.595242218340992890e-01 5.278683927818315080e-01 1.173052992384981508e+00 1.475431708472838832e-01 3.322290331507956607e-01
1.381616033744911043e+00 1.498464799175626694e-01 2.646716188800167791e-01 7.280654815485937403e-01 4.313237069002890389e-01 7.941045431091441342e-01 1.202838199240240935e-01 2.079356064965663109e-01
3.598372780834645290e+00 1.866279829625338282e-01 2.753990501858849527e-01 1.799667296299884311e+00 7.027152881508628157e-01 2.057436153958885683e+00 3.706969703426441498e-01 4.391614065889899443e-01
1.431483676282433670e+00 4.298390355483049374e-01 5.949540400240811433e-01 8.378054429292975946e-01 7.436951492284924470e-01 1.093772945266802576e+00 3.767876524535071492e-01 3.384234534271621797e-01
5.599651869974333618e-01 2.924050843798664534e+00 2.641032949271710173e+00 2.476478388274057529e+00 4.733347599555453478e+00 2.476379182367848042e+00 1.562435164053861403e-01 2.904452132491043947e+00
4.077594226166698643e-01 8.559541406263502239e-01 1.944765295842555641e+00 1.554485327340357825e+00 2.155152078785758540e+00 8.920571528177362319e-02 8.395183526006143315e-02 1.227378057053890803e+00
7.947398303028196942e-01 2.526602938996283854e+00 4.195945895487655619e+00 3.751417156414919241e+00 5.228714135310836397e+00 4.140091263336943550e-01 1.225524666671487517e-01 3.306141270170857460e+00
4.443641339618625841e-01 2.487081364216370716e+00 2.943979330663911931e+00 2.557604512105053907e+00 4.051182174522186763e+00 4.545096346318804326e-01 2.319038753963740818e-01 2.550135306801244894e+00
1.800650482079541037e-01 1.533285780102240925e-01 3.054216466267059560e-01 2.073585756380177114e-01 3.138456354377604507e-01 1.376457814191437978e-01 1.409978773415214715e-01 4.443258921029904357e-02
1.390375594434727358e-01 1.700296549036832694e-01 4.239338765825544364e-01 3.096190821921125935e-01 4.044819936053190568e-01 1.854965850001231292e-02 6.415915548479730890e-02 1.659030288897758998e-01
4.996231157320707994e-01 3.538435287949429076e-01 5.127032339485957380e-01 5.923441572308192349e-01 5.521461865200735231e-01 2.745117721351419959e-01 2.064785194799919621e-01 3.270121917520169008e-01
4.077933072358098654e-01 4.859071735208849163e-01 1.120064685172557084e+00 6.860639102339727291e-01 8.688893566794038126e-01 7.480145565813535458e-02 3.865415561323700122e-01 3.546773500751566055e-01
3.959985979938911438e+00 1.514196681150644874e+00 2.261026482157880935e+00 4.995815313855323403e+00 6.032092738272981647e-01 2.040746370637859464e+00 5.720392915249409072e+00 1.138478793387129429e+00
4.871673557606976956e+00 2.921217817370694192e+00 4.442082515804587572e+00 9.003106870686526264e+00 4.463329054234256854e-01 2.239242428672945096e+00 1.166029988485233915e+01 2.001608087049396634e+00
2.190091932974241207e+00 1.496659048027360495e+00 2.289850961190520007e+00 4.502346918564461120e+00 2.497842183097168101e-01 1.135236621300356186e+00 6.115773410918473374e+00 9.942909723098782848e-01
2.767147650915360302e+00 1.295684373657491673e+00 1.990293374548256056e+00 4.109332079452311604e+00 4.506440152008392985e-01 1.458526911943935467e+00 5.082025154310810144e+00 9.712881940055326790e-01
6.246842217306785017e-01 1.331665629271640561e-01 2.129179510218791593e-01 3.988313162510546128e-01 2.262552408239377200e-01 4.280150905951055629e-01 2.695343999434762772e-01 1.626824013561972149e-01
7.222307408141489526e-01 2.311655179074226241e-01 3.607447186453911492e-01 5.942247755990547331e-01 2.590104112063439379e-01 4.031129116542729873e-01 6.152288253202586876e-01 1.715079803054686547e-01
3.934652386708008542e-01 8.629968205144505911e-02 1.211870710417897457e-01 3.413792023409319976e-01 6.687988601812061562e-02 1.955790328642083020e-01 3.422134825399566482e-01 7.296945191761326777e-02
4.084175042887061013e-01 2.099662713469257758e-01 3.122326963295520286e-01 3.577736048214313347e-01 2.513478642006797825e-01 2.656623294557514670e-01 3.269978591405758306e-01 1.168405126542944594e-01
6.948184727691031348e-01 9.753721796557817125e-01 1.460459813066605106e+00 2.109820132637215462e+00 1.020681198537537027e+00 1.747979835912130131e+00 2.711129015718934276e+00 7.578218437867634272e-01
9.117044307614784460e-01 1.325149740839561607e+00 2.243062399937238105e+00 2.992213576507011918e+00 1.302926686815802704e+00 1.830027206737610879e+00 4.138176504856107663e+00 1.046643971199702872e+00
6.413527248919823620e-01 1.104289595409378100e+00 2.082915845277951039e+00 2.010254225768545844e+00 1.525863926968423989e+00 8.277355307137965745e-01 2.115019107288410360e+00 3.235421707021104432e-01
5.557154436468512149e-01 1.057726902899623678e+00 1.284534931097024213e+00 1.563893861557138942e+00 1.412006787450423406e+00 2.047289120236142512e+00 1.987823527725565365e+00 9.257779366448460889e-01
1.014458016175829647e+00 1.952585942225923410e-01 1.586315020645704676e-01 5.275732157755412821e-01 4.144061465333826466e-01 8.706455470104343952e-01 1.942356784358696409e-01 2.483344729580685417e-01
4.390863817761455068e-01 1.542390701564567146e-01 2.574374850755003497e-01 3.144483995722053837e-01 2.354952674810386892e-01 3.332365065756524025e-01 2.200844383290770923e-01 2.375845995845994041e-01
1.426254217872347407e+00 1.435716859365109843e-01 1.494958642522391801e-01 7.187957478898225894e-01 3.968021532351262981e-01 1.044723362023370461e+00 2.262370441796030252e-01 2.820041374793961775e-01
6.601644081312176837e-01 2.195781301700749089e-01 2.938459246732996188e-01 3.655868850321462582e-01 4.496435493529108429e-01 6.217161323830916464e-01 1.615425330636172108e-01 1.642048545610130250e-01
3.543115421360071848e-01 3.924710595650085843e+00 3.939368778100693635e+00 3.705390921006399996e+00 6.200458479918485644e+00 1.536724715246412520e+00 2.216424784187423502e-01 4.081199065450802799e+00
2.875387322332026985e-01 6.248589921008599335e-01 1.632939663177973122e+00 1.321360898873328527e+00 1.660716718694988270e+00 5.053340708452135066e-02 2.233369594369569722e-01 9.717866092428124603e-01
4.560944133096513919e-01 1.650431856139511932e+00 3.915762025331391616e+00 3.250872305822815278e+00 4.450753773228099064e+00 1.130114545331285802e-01 5.735008387639203842e-02 2.778723040441108516e+00
1.943982137582519476e-01 2.259068155845472603e+00 2.800356922063767406e+00 2.522038530625134722e+00 3.779229948061998634e+00 3.658546839621293345e-01 2.293836590206419224e-01 2.503727172612709495e+00
1.049899043288356065e-01 1.121967314828423434e-01 2.187007914109730389e-01 1.628440688848760143e-01 1.970613755048247207e-01 7.134923523898653586e-02 9.550158390536485353e-02 9.322021095570556803e-02
5.674500311603580816e-02 1.112547592926941831e-01 1.676832307135663891e-01 1.596490748309113417e-01 1.580702287582230747e-01 4.794015243637153589e-02 1.199078380668273658e-01 8.620456334231063611e-02
2.958031033591865810e-01 1.622762087974227996e-01 2.925503293264011817e-01 3.693199250704430336e-01 2.730393042356584754e-01 2.301391316584317226e-01 3.344357118750776459e-01 1.884787774826563178e-01
1.783728415060872319e-01 2.100089030583024985e-01 6.206797038613417472e-01 4.497775980621904202e-01 4.209285778102089814e-01 2.792133029789957421e-02 1.363172717989286353e-01 3.183295057988225762e-01
4.548780171377380555e+00 8.126895242720204582e-01 1.114953846383140990e+00 3.521195714717549663e+00 8.731285934276996619e-01 2.886804794108326799e+00 2.575556984526025328e+00 9.792373281220476677e-01
5.496500116372333267e+00 1.239356687009452784e+00 1.791694178819120076e+00 5.063635088594668154e+00 7.290049495065115126e-01 2.862039942592246700e+00 4.655298677015970554e+00 1.184573861691197827e+00
1.271993894685555127e+00 2.385151996983667366e-01 3.349708009744225556e-01 1.054459443086210868e+00 1.407766179241362325e-01 6.018318983113501996e-01 8.471988153860789961e-01 2.717536887569824144e-01
4.695139996423535855e+00 7.181349915908394888e-01 1.031405873959300612e+00 3.202466915772270273e+00 9.894667306788593741e-01 2.653117899626838749e+00 2.035100594726822809e+00 7.590492317786426968e-01
5.749212309110069974e-01 1.017542243144090364e+00 1.051663135443297925e+00 4.693576079434786386e-01 1.868048807285377366e+00 2.341120773978367708e+00 4.179366624278320619e-01 5.908331186073828567e-01
9.120751582901710508e-01 6.233092031673926892e-01 8.948665575075398504e-01 6.480723878118126446e-01 8.774904800390892490e-01 6.506638873740389073e-01 4.879191931826175610e-01 2.214510755082595705e-01
2.627126663654417715e-01 1.044534182038795306e-01 1.554084629595118283e-01 1.924663523696749923e-01 1.026212986345202555e-01 9.879940792773578284e-02 1.059009676019418422e-01 5.099960067989903201e-02
9.266105377545190702e-01 1.725126933573918109e+00 2.327049151147065231e+00 5.020700377075688614e-01 3.209308587736986240e+00 2.772585098296375783e+00 5.272652602366487695e-01 6.807919720419060017e-01
4.651943431858818756e-01 8.185888317194237596e-01 6.909791734480852377e-01 4.666894298759894921e-01 1.477139942892211621e+00 2.009735856163939349e+00 2.879362278479789539e-01 6.333421774832793671e-01
8.132060342877759362e-01 7.927688565429384937e-01 7.498824575317751817e-01 1.112837314180419979e+00 1.221713627529448454e+00 2.186831277732697476e+00 1.237731017174208414e+00 7.754730142267416415e-01
1.253437875607454621e-01 3.208763847711439965e-01 4.496849228797257236e-01 3.209072186900723822e-01 5.457723413359623077e-01 4.208548264144604256e-01 2.370430662625749862e-01 1.960080256855394609e-01
7.890073181204617647e-01 8.424442076763581921e-01 6.856109473384272013e-01 7.448565327173504169e-01 1.742811884968308522e+00 3.046010636936563820e+00 4.817112256795511582e-01 7.961089122527095219e-01
2.339157825992197015e+00 2.869587690078340803e+00 3.935148538196328705e+00 7.385737191009920100e-01 4.229044551543062802e+00 1.103406117228209027e+00 2.673698597076316075e-01 7.807007848190666843e-02
7.214971710876051381e-01 5.760784881263489865e-01 8.524705187427773501e-01 4.371866146215687698e-01 8.764961900050500798e-01 4.458372901780792152e-01 3.008751085177671092e-01 1.649991567651650781e-01
1.174844445401613147e+00 3.659421582449107757e-01 5.031044040369281323e-01 5.646359166648751149e-01 7.572497617611515519e-01 1.062585844847197869e+00 1.514907009617736666e-01 2.343753690799974809e-01
1.523641544521110003e+00 1.893284520155370743e+00 2.646427362975447561e+00 4.744926131773443689e-01 2.877349021461701017e+00 7.800180125140785403e-01 1.669964894698187097e-01 4.487129818209237286e-02
1.108948156875574353e+00 3.744721383804957782e+00 4.936487706424887989e+00 2.003959095841363336e+00 6.846948926333135788e+00 3.261264033108703941e+00 1.273649181486133375e-01 2.294987324498438230e+00
5.691080956644212208e-01 1.607168210849800216e+00 2.996053839883082937e+00 1.536918326270825030e+00 3.208649546845914635e+00 6.042778768155706443e-02 1.786634484532496070e-01 1.150300651005814245e+00
4.900871449170711713e-01 1.912293827896031750e+00 2.378749199138017190e+00 1.448453912646505692e+00 3.217675311741857946e+00 9.145753928600862670e-01 1.426988658388355924e-01 1.486621819927101296e+00
8.833286022326528597e-01 3.334211433423170501e+00 5.055168299086830963e+00 2.638242091918453713e+00 5.965283428676341870e+00 6.217454484845478246e-01 1.833477424014238466e-01 2.387058470612017924e+00
7.441254239360175493e-01 1.447599549444970712e+00 2.052984727081226257e+00 9.337359195412461843e-02 2.167882219459322357e+00 1.972717390152781136e-01 3.632604944327642860e-02 0.000000000000000000e+00
3.166626504819415322e-01 5.931620744079854068e-01 9.320414294701390157e-01 2.603009816644960006e-01 8.583652449440837273e-01 3.761962700620844618e-02 2.416970290468392901e-01 3.825513389522102597e-02
6.247198070290764793e-01 7.498848673253939445e-01 1.182046236424538765e+00 4.372166113555482903e-01 1.139739286871700452e+00 2.467516661020064395e-01 2.322264087398664689e-01 1.402043881205208287e-01
1.612212035626799933e+00 3.103459936764978444e+00 4.810908054521561894e+00 6.591886697330973099e-01 4.708864312523766138e+00 3.506686997973981756e-02 3.813597323375114145e-01 2.129613084861418648e-01
