2.965331310088199945e+00 6.098230931415063338e+00 3.333800449476759936e-02 1.527195861231079421e+00 2.544344139420723572e+00 2.341629525500210640e+00
2.321575232119597487e+00 4.665285176031521708e+00 9.612302852948709578e-03 1.180329610256928952e+00 1.902697052463045768e+00 1.843703769415096394e+00
1.257708742786807221e+00 2.354294502877667838e+00 1.706820220306672379e-04 5.108281791381771297e-01 9.479440964233677436e-01 9.281587946523507382e-01
1.832596706622059202e+00 4.035160437140657308e+00 2.677504691495516398e-02 1.080294014882003495e+00 1.701425643191611048e+00 1.541247584138477178e+00
5.247335409273128359e-01 8.205089761652577529e-01 3.659927549961648763e-02 6.180163427391756059e-01 4.887022822226545493e-01 3.923223651562066649e-01
4.132385433608889436e-01 5.024392036991254251e-01 3.961885152140340316e-02 3.178111960405557435e-01 3.362863479019832513e-01 2.288713138736310493e-01
1.867797411937024976e-01 1.863590689823758639e-01 6.374377194724164392e-03 1.403246603300720152e-01 1.151263672773574775e-01 9.816912030865393435e-02
7.099574404967505803e-01 4.868479848842480195e-01 6.225732051273562967e-02 6.968179021816391927e-01 5.137744773243632102e-01 3.314373914027056722e-01
4.093394077204797199e+00 1.401428688817609514e+00 1.913983269996365755e-01 9.160825014112485842e-01 8.110308102184221601e-01 1.584849768387943225e+00
2.681776711098691202e+00 1.044333412094068603e+00 2.270095743749852568e-01 3.115908618965179677e-01 5.213235234327147083e-01 1.009650614277631586e+00
1.462184473139186869e+00 4.388032936267526746e-02 5.358778734659579435e-01 2.393322737687040569e-01 1.122711399167909962e-01 4.714155317521199207e-01
2.922146870984184908e+00 8.846062124490656764e-01 2.355907240995905871e-01 5.290824555552060549e-01 5.074463363164217755e-01 1.086334707350912865e+00
1.406123330737621968e+00 8.647380243223974361e-01 1.219706597925175467e-01 8.510796317204549766e-01 5.470380022673597686e-01 7.261380125946051978e-01
5.944876028238448296e-01 4.411561507069731158e-01 3.606056419472832286e-01 4.221630407384926453e-01 3.387591854338580233e-01 2.938210163082047854e-01
9.181027114685621493e-01 1.182964699014739551e+00 3.854788879227001586e-02 6.608698994934218973e-01 5.267670800789893137e-01 6.661791111488176709e-01
1.365679640654695381e+00 3.888970215795275465e-01 2.352101986501105024e-01 4.993639107604220584e+00 2.660728711651792366e+00 5.552380142421553533e-01
1.305086725279179305e+01 4.729515709535553336e-01 8.628529085110661967e+00 9.502424409953980078e-01 5.576403390316677644e-01 4.101376101150947306e+00
6.528176413802908584e-01 1.818717614440762964e-01 2.745151522791366538e+00 3.709515331216100553e-01 4.048964437556897833e-01 1.591345304062327104e-01
5.483221011934608313e+00 2.566106449794772759e-01 8.156629783267685951e+00 5.320139650007007504e-01 5.820508871310263732e-01 1.630940784237251417e+00
4.312230242649594203e+00 8.117281963094408193e-02 3.815956923145273905e+00 1.170821293450190481e+00 6.858402273418714445e-01 1.298454636435026011e+00
4.587829266816184637e-01 3.056346708407888801e-01 3.017884687726831716e-01 5.511629255562277008e-01 4.377552241512913112e-01 1.847489635278684594e-01
1.200445331223016360e-01 1.230658149266627976e-01 2.710480672647607170e-01 1.203987485005789532e-01 1.614922219375706791e-01 3.891681941324821870e-02
2.650127198016363206e-01 2.668927707155961393e-01 2.497216697278231146e-01 2.340242472531920415e-01 2.415129099676903146e-01 1.290929896401717958e-01
7.822974407810722175e-01 3.253303206139439019e-01 6.169136362867535528e-01 5.066530212410258471e-01 4.388465805758420268e-01 2.587260913154663111e-01
2.571529112780082116e+00 8.662788853198460259e+00 3.663242528749786897e-02 3.032040041546102849e+00 3.414692154485988063e+00 3.279597263713364796e+00
2.443837503846091330e+00 9.259708648716799217e+00 6.714499840153000110e-02 2.847530066908274371e+00 3.690576150520659127e+00 3.263941740181354412e+00
1.229588973751338354e+00 3.201249678431461021e+00 1.053339871884219521e-02 8.523065236346354379e-01 1.299406020725405675e+00 1.183615732281424027e+00
1.386487952246930444e+00 7.106629193082880214e+00 6.722901948674333550e-01 2.665436274462464450e+00 2.888572256436538144e+00 2.495647756801707917e+00
3.645735482985799081e-01 8.581237205760385844e-01 3.571802300357522497e-02 4.318832503191341043e-01 3.983320062578286080e-01 3.632908563812653480e-01
7.594306568590749595e-01 9.471970396344531196e-01 3.152693541470781569e-02 3.138936749350222377e-01 4.188217695176894573e-01 4.655353378717343449e-01
2.488742506319169823e-01 3.616894478496969212e-01 3.499450617213227012e-03 1.561018175806985486e-01 1.623260645803674407e-01 1.849506036380029195e-01
9.592927952269836300e-01 8.843579165124554331e-01 4.532086795414110719e-02 5.828862808985602051e-01 5.208548565063960689e-01 5.262836554693377522e-01
5.553643015324642995e+00 1.226481719621890232e+00 3.865865858568372226e-02 8.616238025092473052e-01 4.785128510636728061e-01 2.140721564736470128e+00
5.509434243187155467e+00 1.371079223499054311e+00 1.726603244675825599e-01 4.519075715476756905e-01 3.787435731205748279e-01 2.104747472908483186e+00
1.920615052662809408e+00 6.562026624369801109e-01 3.141666038413090112e-01 7.738521835970106899e-01 6.026895803354125336e-01 7.244028172000014365e-01
6.724638875848419239e+00 1.379205360681103887e+00 0.000000000000000000e+00 1.031797108856802536e+00 5.133617224634554610e-01 2.597006275542485199e+00
8.857053188780901198e-01 1.282146608343813554e+00 6.164522566324138336e-02 8.083568075311301504e-01 6.218687063895891320e-01 6.718619008599253650e-01
4.618188608382139404e-01 1.169290545617991839e+00 1.398444207570603837e-01 6.721870458443197638e-01 5.485372574708333726e-01 5.054815216838954850e-01
1.185322408074312328e+00 3.093600350201935800e+00 6.737918137028338361e-02 1.422667716614002487e+00 1.258011764933797183e+00 1.329490972188805964e+00
9.998836213801980399e-01 1.319514394042635930e+00 3.865741011560068496e-02 1.044774004359535047e+00 8.333206291383067343e-01 6.840068016509679438e-01
4.302253204749238336e+00 3.814766614566128533e-01 5.384243864673219804e+00 7.580980423113711231e-01 6.173703067177428450e-01 1.353717714348179113e+00
4.815867933811799895e-01 3.337247858070371831e-01 3.290204113624272786e+00 3.876455432966579573e-01 4.873844384094169202e-01 1.355586904524441749e-01
1.719861313665898006e+00 6.548770410823208099e-01 8.271569394584592061e+00 4.129871343746566170e-01 8.651900048292539003e-01 4.716762769314788994e-01
1.822765250705351114e+00 3.803033742940571393e-01 5.822026180746034285e+00 5.009503814422465728e-01 7.058186797161255521e-01 4.887376429230464447e-01
2.057038149995279175e-01 1.900144846902553086e-01 1.540636118436640722e-01 2.671710027791449060e-01 2.160323543712406869e-01 9.493622862270575946e-02
9.255245826010011223e-02 1.082868127165912686e-01 5.283150008844076373e-01 1.776625173453073581e-01 1.599247299664122712e-01 3.729276807248733949e-02
3.926713146631050089e-01 5.358886532926472324e-01 5.850578370254754246e-01 3.389684723790812315e-01 3.477906320408041818e-01 2.388884989914584756e-01
3.136144405166958471e-01 4.205044389568451946e-01 8.196455486888922781e-01 7.376017617599375242e-01 5.759129533143494406e-01 1.625107338769999354e-01
4.322844958140164451e+00 6.950456824170850645e+00 1.153600160527776947e-02 1.062294381011118505e+00 3.112694202651560271e+00 2.594303622164744638e+00
7.965312614066450969e+00 1.173274021582173177e+01 4.375439901693909533e-02 6.720964010106124098e-01 5.241281661523638391e+00 4.165120314409333169e+00
4.233402539666160536e+00 5.813244665618634066e+00 3.698083502663309860e-03 2.423878029466136064e-01 2.611970003557739339e+00 2.107512675095432719e+00
3.730159230874541265e+00 5.533512051476291660e+00 6.311897386581558078e-02 6.454448062978226375e-01 2.502615985921104347e+00 2.055877746238452985e+00
4.191431792215037921e-01 6.377643230675642538e-01 3.572101650466818351e-02 3.432896249284752566e-01 3.338568634751261088e-01 2.939468440076715705e-01
5.502060213620929563e-01 8.952876221453667238e-01 6.024508654365534621e-02 3.762676051077918915e-01 4.848550460023406394e-01 3.653887290938987453e-01
2.610645234940829895e-01 5.118444439209189900e-01 8.650819691845210158e-03 1.268933125463835576e-01 2.476854180703677577e-01 1.889494202653500543e-01
3.811712481553098941e-01 4.959997257049827413e-01 3.133088907605074275e-02 3.481311436112191071e-01 3.317563869469711824e-01 2.259043706559419884e-01
3.596663525502865610e+00 2.315180899249956514e+00 2.495191331057323714e-01 3.980226590600995928e-01 1.222735790033828929e+00 1.387437975566491399e+00
4.489567096049510653e+00 3.269334584459848703e+00 5.225426161108538414e-01 5.378860860214522699e-01 1.789543937709059840e+00 1.735334039884023571e+00
2.389912455798086199e+00 1.689682698963221430e+00 6.635287726514162987e-01 1.145868563917137539e+00 1.486534561901472040e+00 8.303667647376249406e-01
3.626510958106013760e+00 1.604932170423363225e+00 4.628226005480264860e-01 5.907923411669377955e-01 9.556203581307349815e-01 1.337590477210286455e+00
7.503759059534896858e-01 8.890284624268205427e-01 6.197282584959784568e-02 4.988424028058665582e-01 4.019098128903986211e-01 5.101261237827254824e-01
3.602355235228225094e-01 4.786935275339325724e-01 1.226280484805834237e-01 2.834088489546251477e-01 2.614352047159154147e-01 2.308902040363762787e-01
7.789695493334979348e-01 1.287901348250991340e+00 4.322475253958708852e-02 5.749052845816801094e-01 5.177624705173593522e-01 6.387686424698224563e-01
5.880821149192706487e-01 5.560047196579640527e-01 7.515348547603628582e-02 5.101853472801243239e-01 3.773997243949651637e-01 3.471942326568155934e-01
3.980525718838904936e+00 2.853912437743361674e-01 8.728031564575566392e+00 3.116974851118640144e-01 6.347449637084495722e-01 1.094416300480991477e+00
4.401608750196210895e-01 3.443821481496542880e-01 2.622299663474107589e+00 2.426604244557850343e-01 3.947772465558983535e-01 1.265957581596055537e-01
1.017927534197771156e+00 3.137038537274242089e-01 7.501455255025998525e+00 1.814681410894698477e-01 6.316233635967077875e-01 1.776951433975580974e-01
1.745254846271804494e+00 2.491106753944256624e-01 5.796665273941155938e+00 1.600164856089960064e-01 5.202859768104054483e-01 4.164702693090309715e-01
1.422777807482001888e-01 1.281963036674160228e-01 1.519486244162316368e-01 1.539676704432282051e-01 1.317051704320852112e-01 6.328145771449102119e-02
1.478550890414573882e-01 1.373884357712518434e-01 1.406470241755118367e-01 7.121134111982724280e-02 8.144787771877026739e-02 6.406059576025198432e-02
3.850507151752399215e-01 4.176857070183002119e-01 2.501142664101523305e-01 1.642584449945295455e-01 2.126726990028034447e-01 2.005043766935769300e-01
1.809555618349565631e-01 2.017873663355242986e-01 6.441861320467995311e-01 2.371375965953496090e-01 2.039597232056959419e-01 8.997476709251228666e-02
3.145727726356196019e+00 5.411831236700257008e+00 2.858487686683270149e-02 1.543886730329499413e+00 2.267008685193524720e+00 2.300784946089044603e+00
3.989392479245440271e+00 7.556982419919559213e+00 4.312227968757108461e-03 1.584214047380719137e+00 3.182082997535085500e+00 2.881162172213727057e+00
7.236963536033862443e-01 1.619934028178600105e+00 1.087232802397506207e-02 3.717484271484118308e-01 6.624952832829281713e-01 5.980796136497259496e-01
2.446919981892508478e+00 5.077630151622038568e+00 7.717383880929566675e-02 1.822034013005132014e+00 2.207456137065812563e+00 2.086202111455287778e+00
3.065382807312005742e+00 4.332183233025148628e-01 5.750739716425420228e-02 1.473102976129431418e+00 7.787955488595158515e-01 1.089080791656001690e+00
8.179266463390959530e-01 8.757905277689814749e-01 5.775776813189127668e-02 1.189351103006078603e+00 8.769745640112558416e-01 4.560544977558893542e-01
9.634655741568516618e-02 2.666441201381472004e-01 1.631204974426023885e-02 2.121317852407206273e-01 1.943653162110172694e-01 8.832029556008196003e-02
3.597872823016451171e+00 3.923622092926130622e-01 1.129248786922283920e-01 3.180403498068928414e+00 1.686030140903778118e+00 1.241620108734240002e+00
2.618988272274875406e+00 3.777390338352848431e-01 2.839421422256508953e-01 9.113551626996808652e-01 4.723772298788093127e-01 9.381908260266629274e-01
3.189133131662178045e+00 1.327227662214686355e+00 2.074372692774237303e-01 6.170430801995623327e-01 6.921555531798859739e-01 1.260671817389171334e+00
6.873187296722940154e-01 1.900386248283799095e-01 2.675322590561639013e-01 3.419422830732302687e-01 2.833797252855324023e-01 2.277472272859843438e-01
3.829044700485993324e+00 7.774986236057541689e-01 1.264454871234636790e-01 1.016546059472346109e+00 5.665849626429824148e-01 1.432576671824842052e+00
1.242087017820128203e+00 9.636579262970381698e-01 1.963854086888740941e-02 5.924327092602506895e+00 3.321747755196221341e+00 6.676246867992250422e-01
5.212039789691572667e-01 5.935967771803782878e-01 1.176608626057611545e-01 1.134799105302484179e+00 7.724410781810648885e-01 3.071485023858610552e-01
9.344315001422855982e-01 9.337502117164429016e-01 1.395381197796355475e-03 9.942672351739012537e-01 6.695255003265510041e-01 5.810339456879269893e-01
8.881404119384290752e-01 5.728633346103845225e-01 7.285771773269651697e-02 3.932466147677268431e+00 2.186898059501461766e+00 4.505361972383453706e-01
4.899030805159060975e+00 3.481780351165311704e-02 4.297634977671897616e+00 4.382765307442481273e+00 2.378559433626663111e+00 1.481900342844038931e+00
6.131263293113552448e-01 2.028043471200541292e-01 3.291607894210540675e+00 1.817014786928274450e+00 1.234722402522576479e+00 1.305573055808975647e-01
1.831677884486461405e+00 1.861163084542901136e-01 3.146598400789801353e+00 1.412160491953041053e+00 9.225261475507213760e-01 5.456959405208468006e-01
1.933058478900603117e+00 1.799577275074794036e-01 5.988934036039235131e+00 3.087877520053304625e+00 2.047283540027220017e+00 4.653705101662150567e-01
3.106909251495475477e-01 2.006441354231037685e-02 1.151079230940241227e-01 2.935450918545283283e+00 1.542892042504827588e+00 1.095665054678783140e-01
1.937422130455584979e-01 2.077248292800916163e-01 1.745128914968528400e-01 1.079501570006322853e+00 6.929450712396483247e-01 6.980895582481397299e-02
3.710437759103222266e-01 4.051585478086729974e-01 2.877291445818329629e-01 1.424739231198591805e+00 8.987220031763351047e-01 1.920490688280567793e-01
3.948823200026866376e-01 2.613908074207277887e-01 9.205546869561975765e-01 6.125545257537019062e+00 3.438267536230471766e+00 1.242415816900215575e-01
