1.064617719889821901e+00 7.930326547941553450e+00 8.512179176082360077e-02 1.588087696398873261e-01 2.494259153283323371e+00 3.277747428977850319e+00 5.922806549110081198e-01 1.691654483253991703e+00
8.062479382176568343e-01 5.951545791738052316e+00 1.165835794744341514e-01 8.242262394976082596e-02 2.032681809510689774e+00 2.361598686724074359e+00 4.179561532565249093e-01 1.362619883665813880e+00
3.368228787674434344e-01 2.905328091940338808e+00 7.317728435929239661e-02 4.776970237512450854e-03 9.140499535721841040e-01 1.328384204070387264e+00 2.244328956497591010e-01 7.190770281592578916e-01
7.348103421670483248e-01 5.189378609224462480e+00 6.674861593747304089e-02 1.034826894006417308e-01 1.768157017449469182e+00 1.952612466501929100e+00 3.413501929685412994e-01 1.154842849442325736e+00
2.696266258213105838e-01 7.706421730304968687e-01 7.137504366639027542e-02 5.796875644477861300e-01 5.154921355890377255e-01 2.846933610076366472e-01 1.770960888424279178e-01 3.645751568577377255e-01
1.806873669105349967e-01 6.379504572021778008e-01 5.359512238825703961e-02 3.450315807928896472e-01 1.968290785447810998e-01 3.537778313171771605e-01 1.540771932704350089e-01 1.747214592259728194e-01
7.665348934824989247e-02 2.270059243369942914e-01 2.460416454736336078e-02 1.443524897719329070e-01 1.054974799245610440e-01 9.526440261230387230e-02 5.197771019582773933e-02 8.184200293062926512e-02
3.118007592072751244e-01 2.786219972540561196e-01 1.639039897829704107e-01 9.090581266378341407e-01 3.398527750052756646e-01 2.521032105906156895e-01 2.681677957042568616e-01 3.640645916906348756e-01
1.293323876026952757e+00 5.427421280044868457e-01 1.074465271476549910e+00 9.097674283906038717e-01 1.350927017257677054e+00 9.968596446849365966e-01 9.120300733861965714e-01 1.525248828355301178e+00
9.279757760501914365e-01 4.392181341119207882e-01 7.208614718893938678e-01 2.355316292743910023e-01 6.692191771467754791e-01 9.688045819505981537e-01 6.068992148470995218e-01 1.013519874502123219e+00
1.192751215280699384e+00 6.382453108253012194e-03 7.481081697071672032e-01 3.472189493049971931e-01 3.865896470541325125e-01 3.178334409255750143e-02 2.191536402610692602e-01 3.700906167860901208e-01
1.044416186285677561e+00 2.826989187131820347e-01 7.979278744582906091e-01 5.714436710942849551e-01 8.318859630756649803e-01 7.686945481766971344e-01 6.511783919994056369e-01 1.038614279190370304e+00
7.188097645137245806e-01 6.556175168458606706e-01 4.038571633230171876e-01 7.560985210954245250e-01 9.411389977100118598e-01 1.250293397344684476e-01 3.561251776469478991e-01 6.737541649832616830e-01
7.668621898718400720e-01 2.835477790556636402e-01 3.071960644504405091e-01 4.377579635239566835e-01 3.046794852130741971e-01 1.969800180072457940e-01 1.981550655019052865e-01 3.147792408533127695e-01
5.180985537446081146e-01 8.251831322841358674e-01 2.029638772129419566e-01 2.524803941948068342e-01 9.991599266399886492e-01 1.990736329280239636e-01 2.431015160957603616e-01 6.994567318480007234e-01
6.716929429746431035e-01 1.157938257557868944e-01 3.154121785296726821e-01 7.952501080744969642e+00 6.044709631556777207e-01 1.145776303872127477e-01 1.171376884233352511e+00 5.435395168825548629e-01
1.706463431246861617e+01 0.000000000000000000e+00 8.729589139073965498e+00 8.913548483224913443e-01 3.359017468866554612e+00 3.081486598826329582e-01 1.817212302495017529e+00 3.364678379714298728e+00
4.635199322886805362e+00 4.391656631581694059e-01 1.641787986045061709e+00 5.189616369717013900e-01 5.584822298753800568e-02 1.755679298166106794e-01 1.754909342760083701e-01 1.095413481352396357e-01
1.474175704376654394e+01 4.163389601658485373e-01 6.108375672217106533e+00 3.129431381671762824e-01 1.383609835252157749e+00 1.639684484304297640e-02 8.589610195039495411e-01 1.359074653227377638e+00
7.107813144633541746e+00 0.000000000000000000e+00 3.407822877672930240e+00 1.809023528583919793e+00 9.918290284066301199e-01 9.046750309830685344e-02 6.857074062502124256e-01 1.069002293950836346e+00
5.824858126654983703e-01 2.897024378388670662e-01 2.199340754273644838e-01 8.304116317057652630e-01 8.011871158625005762e-02 3.101975121990777073e-01 2.356589137427101688e-01 1.782809524917018940e-01
4.762215355040981812e-01 1.583715343092420569e-01 1.444684338386995615e-01 1.727643993780548226e-01 3.482671108498014076e-03 1.296011295421801435e-01 7.791811630805148270e-02 4.130430334957028993e-02
4.852550716469541947e-01 3.078646928187654397e-01 1.646415765906693029e-01 2.957523792237847227e-01 8.382835204600762313e-02 2.049851492258969177e-01 1.025805389063789430e-01 1.204636404258817850e-01
1.130318143864680769e+00 1.109447383758495054e-01 4.624007337865327361e-01 8.128642401028103315e-01 5.637884287430833946e-02 4.212820669902757054e-01 2.923149701947614365e-01 2.980076402997656748e-01
1.703890973855114011e+00 1.038283951989123111e+01 1.572817807818479297e-01 1.778944922621388813e-01 5.197581395553754646e+00 2.151814207017832548e+00 2.218228834860443421e-01 2.685451940265903836e+00
1.525837272194070060e+00 1.114465634184068321e+01 3.032268261309270865e-02 8.864400511138317840e-02 4.722534887865765363e+00 3.161286392627478570e+00 2.479868286812076661e-01 2.684578944511295528e+00
4.995455558349926051e-01 4.085618593800516507e+00 3.396551854047524105e-02 3.024267558443655829e-02 1.440688020322669516e+00 1.442686563912375375e+00 1.827837049444911155e-01 8.872500050407903238e-01
2.395467759787016426e+00 8.107970661223429687e+00 3.450094811166756203e-01 2.082098139782904700e-01 4.249890953133492744e+00 1.545601035173705950e+00 1.132594210338911944e-01 2.234082591492369652e+00
2.458286048508251942e-01 9.674707073531382262e-01 4.892754450850014813e-02 2.095835039183389092e-01 5.525306093097513971e-01 2.093001685689947489e-01 1.020508871418160379e-01 3.089336711760687915e-01
2.977810782331823392e-01 9.751871770353064406e-01 1.085506055495222000e-01 8.375969994932579155e-02 5.333791214306048412e-01 4.554021418658770193e-01 1.881556351694004259e-01 4.081884426024835477e-01
1.157089383346404238e-01 3.410415157356595506e-01 4.055024881393740066e-02 4.022641359987407655e-02 2.863641141617697672e-01 8.553596350340342269e-02 4.852388727850343725e-02 1.635801971884071893e-01
3.541469556195229185e-01 7.474749469893362530e-01 1.946730989354440444e-01 5.284587217670859705e-01 5.798810681975398174e-01 3.941609938379423417e-01 2.543364375719179282e-01 4.970999305628000520e-01
1.765412979801649351e+00 7.184233861435885826e-01 1.460576393824484676e+00 4.169522090494849342e-01 2.211781858360741815e+00 4.400574584626244512e-01 1.122940779160887637e+00 1.800587099473516917e+00
1.707729501530615090e+00 8.094656313894311728e-01 1.597417269385739580e+00 0.000000000000000000e+00 1.893388112544679203e+00 8.072721128808746371e-01 8.765331780098456482e-01 1.828342082994787843e+00
9.174198973803092683e-01 2.107693009073485224e-01 6.162946265229610754e-01 1.070039005199580284e+00 5.232792508548962385e-01 5.502175363642713979e-01 4.901351947038157242e-01 7.217847823536064356e-01
2.139169251554071671e+00 9.880052491015014482e-01 1.762260841956158508e+00 4.287309940332506564e-01 2.833222241262753904e+00 3.158950323049523612e-01 1.317336412026284265e+00 2.101658131993631606e+00
5.812935737506816913e-01 6.897251000284448930e-01 2.192630713037012347e-01 2.681931346555784246e-01 1.193507140208101003e+00 1.753403086976366154e-01 3.142305014214111236e-01 7.764056344783276664e-01
5.396546657203679098e-01 8.178356189533499965e-01 1.347185268073343989e-01 2.886182834430164323e-01 8.582890407373930941e-01 1.778655457855144173e-01 1.728998247462881221e-01 5.884459254300562492e-01
8.709781034838612879e-01 2.288599146835180953e+00 2.422069393131979775e-01 2.458769830389520017e-01 2.207339441978609873e+00 4.964850850762159706e-01 2.472372752731466505e-01 1.532346653735991993e+00
4.831411478044198571e-01 1.231983033224582247e+00 1.556432681511471516e-01 9.521270793366160001e-01 9.248332374010954648e-01 3.969673219677673504e-01 3.385210420787079233e-01 6.491018836386464042e-01
9.815035948675387090e+00 1.615712031358057243e-01 4.246022293715223661e+00 7.825091997979742864e-01 1.176183908499990771e+00 9.067671237722214894e-02 7.017450005994223527e-01 1.207339252158277754e+00
5.510702871907469103e+00 7.899360599109463976e-01 1.881247018647086655e+00 4.452710539815735169e-01 9.806543501686640352e-02 1.750518571327756845e-01 1.196565370428023245e-01 6.865367926221263573e-02
1.391687225112943338e+01 1.508407231805204418e+00 5.010551512061516277e+00 2.427420850300944233e-01 3.175106405463178350e-01 2.772799481858508885e-01 2.084324079486264414e-01 3.639763158251394515e-01
9.925479496439796989e+00 4.762666099963505095e-01 3.678334050137505695e+00 5.509930584483959670e-01 3.023810059616770518e-01 2.510780754708434315e-01 3.826537199674630019e-01 5.079289253209902100e-01
2.818641638556624862e-01 1.433073355361773049e-01 1.212944667622662398e-01 3.951285681088223534e-01 5.169769033470639208e-02 1.410882098680402430e-01 9.226997650246769600e-02 1.107679475436711136e-01
9.085202886282809365e-01 2.459743503168395073e-01 2.767590664836846459e-01 2.558596714420418028e-01 3.346278404630731972e-03 9.161979521830242168e-02 5.727726756859258250e-02 1.211807145756412137e-02
1.090684045246861356e+00 6.432674559688846827e-01 3.579491635540914540e-01 2.917338172359907333e-01 2.401767112514733848e-01 2.763111602508191433e-01 1.546929890498561222e-01 2.017405867987177581e-01
1.458836849136879499e+00 7.036228861192124207e-01 3.576764292986868155e-01 1.122912048797996221e+00 2.722752669585775439e-03 4.563019263700409667e-01 3.038544864690478908e-01 7.206509466288021915e-02
7.727878825670936314e-01 9.541851052535717415e+00 6.700875387668656091e-02 3.247578548247758712e-01 1.342162039781357841e+00 5.725237929215138521e+00 1.038373530339705919e+00 1.723726695569074652e+00
7.777644022951930580e-01 1.564137164727866747e+01 1.772813190312277475e-03 5.976215802489039108e-02 4.192064025381099790e-01 1.195727209119150913e+01 2.121792835743236516e+00 2.884938216579366888e+00
3.040486832942300710e-01 7.186900646964963002e+00 5.485671460343026495e-02 1.332522760088645283e-03 1.236908575356029522e-01 6.110042742386986525e+00 1.150282127978557556e+00 1.621033217095399825e+00
6.335771704618055056e-01 7.744374843964898503e+00 9.861137708648971822e-02 2.112136099983178972e-01 7.072236068163449962e-01 5.045512280445256792e+00 9.167609368086653276e-01 1.336156528027989232e+00
2.437502947199859937e-01 7.267522621378312842e-01 5.645760308233310071e-02 2.128951432765643914e-01 4.048780415542215239e-01 2.422891896417191659e-01 1.174763961848269700e-01 2.495513749879099130e-01
2.817901145339442026e-01 1.051812780015585425e+00 5.150648603042960738e-02 2.803913580507390035e-01 3.574681593918630496e-01 5.203411812699654249e-01 1.703947237777443946e-01 3.097419803653926884e-01
1.039903385007817233e-01 7.717495322665357538e-01 1.881135910428953159e-02 3.039149920714696168e-02 1.856132997832657949e-01 2.981549955423452580e-01 4.737664974002038509e-02 1.187398782025572974e-01
1.643654269733115791e-01 5.755720614606411045e-01 3.855236006103412300e-02 3.927243929534049438e-01 2.005521149978791162e-01 3.133634360219826887e-01 1.520923871385834736e-01 1.899638393772043188e-01
9.899907761494005642e-01 1.770481196284807712e+00 5.844972673931612128e-01 4.450194833565337404e-01 3.912787576571470360e-01 2.711938363347346836e+00 1.085918626184023683e+00 1.356509820454288917e+00
1.401950609269161152e+00 1.788485028561994872e+00 7.498829019916285477e-01 6.650212182909807090e-01 2.942445962561476280e-01 3.885732046413279850e+00 1.445838127296860343e+00 1.955954867862379265e+00
1.197639000263090114e+00 1.417995591537349609e-01 5.601287616318668672e-01 1.785995188299169811e+00 4.821181071899968522e-03 2.167838941105219241e+00 9.484527725860358860e-01 1.235007848326916235e+00
1.366566587511035324e+00 7.587873113857886986e-01 9.556587592471083026e-01 7.782112375647434188e-01 6.439889657035480219e-01 1.797116833230133714e+00 9.111291967217101107e-01 1.350824379347743465e+00
4.685699187773733065e-01 7.249610189058397491e-01 1.804660605615759361e-01 1.967538826552969189e-01 7.512123656621272350e-01 1.296640960393810327e-01 1.874630798460359404e-01 5.206523799235044381e-01
3.294129627516921843e-01 4.517959500317275667e-01 1.009114249429310106e-01 2.359543780021288728e-01 2.797485180659531334e-01 1.961478346309860066e-01 1.119672747724368700e-01 2.155970055749655556e-01
4.734446475538501842e-01 1.006640079000443944e+00 1.727548457768295354e-01 9.433425309904969192e-02 9.775409310440521526e-01 2.216927366046853587e-01 1.643448947430145302e-01 6.780299164077142615e-01
3.157568688041019200e-01 5.192622469045449218e-01 1.865614365175780054e-01 5.083582009099977261e-01 4.834008259386585182e-01 8.656584221460485173e-02 1.249457571029684022e-01 3.226195882936578330e-01
1.507796301226190216e+01 1.626409031950877548e-01 6.006433813902726015e+00 1.742452786613711557e-01 7.755850831002373269e-01 1.321495272309972102e-01 5.481449259187617384e-01 1.055954337136473242e+00
4.496155859322490400e+00 8.566454245670290790e-01 1.405882859584526967e+00 2.371450856130425389e-01 4.209728134557690332e-04 3.407361896101696042e-01 2.216404545057085729e-01 2.337407656104054793e-02
1.251163946753904099e+01 1.362711265718086429e+00 4.363954611398569661e+00 5.467493812753634885e-02 8.474980480333856037e-02 1.312127157260096766e-01 8.079739458839632626e-02 1.165298057190625441e-03
9.793962421123051598e+00 6.350647364437825848e-01 3.672878603060283798e+00 1.485246226179366968e-01 1.331876390204916882e-01 2.749924194283044909e-01 2.515375993883294248e-01 3.557045715808531128e-01
2.658360620287628651e-01 1.395478905430602434e-01 1.110261513155024332e-01 2.157955614527872490e-01 3.466449302446682201e-02 1.016110802925799528e-01 4.565337098811288186e-02 6.371973735487887480e-02
2.370261391781630089e-01 1.606337463302268953e-01 8.842943287452621759e-02 9.965383720934503642e-02 2.341128655250789871e-03 1.477232150636210162e-01 6.409258521101052208e-02 4.919463493459670655e-02
5.007436391586563840e-01 3.801998822443605208e-01 1.752617365244444336e-01 1.095921256777885461e-01 1.830864089628301827e-01 2.854020568941536551e-01 1.169797364552930818e-01 1.885820408219196220e-01
1.186676574161688702e+00 2.047863325121760114e-01 2.491889514072163914e-01 2.817449806968986836e-01 0.000000000000000000e+00 2.319934734792777897e-01 2.248925089971825220e-01 8.433538754731997877e-02
1.148830389399216223e+00 6.563959811804912725e+00 2.636989056077523874e-01 2.324582549248593033e-01 2.605370553579487769e+00 2.612038757627971997e+00 6.460815033776726724e-01 1.803923621744769612e+00
1.087815415230743987e+00 9.894830159945605885e+00 1.260899741929796258e-01 1.428302484384385285e-01 2.582159103479543028e+00 4.700370091206491630e+00 7.956239324810608915e-01 2.066997104410139396e+00
2.529816152101519444e-01 2.133609325979274551e+00 7.050539127565521279e-03 2.567279403627549181e-02 6.141314415088878764e-01 8.830250847212532950e-01 1.278133253730564245e-01 4.296880735316583877e-01
1.190880163311036188e+00 6.166476911812643458e+00 1.956029785540020771e-01 5.278182310278022316e-01 2.741358885443800020e+00 1.961282951679376385e+00 5.228632789395490921e-01 1.644412026053958309e+00
9.049464889773638498e-01 1.418742985244166033e-01 7.985602624180738740e-01 2.107629581167796751e+00 9.878531091316496981e-01 3.002443936901436627e-01 8.319427745861113221e-01 9.085652607387948443e-01
3.234306317002026976e-01 7.478460009670698794e-01 1.153501649883620223e-01 1.580209482466663484e+00 4.631743073331333060e-01 5.045441370977414852e-01 4.008659303882077252e-01 4.527308081238365367e-01
5.066433416076709939e-02 2.764978831251403424e-01 1.110314002871103448e-02 2.396669266403765319e-01 1.076515733681003839e-01 1.332364219687913187e-01 3.793567568300085929e-02 9.348273418548147529e-02
1.058798355605355512e+00 2.584359088053911346e-02 9.488889459386858904e-01 4.977697605778121925e+00 1.048007453850743342e+00 3.112800682472082747e-01 1.186270838290684138e+00 1.078106326212932675e+00
1.129486492416413412e+00 1.201488664245153881e-01 8.765563598316430394e-01 1.229806273023858143e+00 8.686768649978138246e-01 1.949919527880726866e-01 5.658960553328267196e-01 7.934227701861512605e-01
1.052757725069173311e+00 5.901488376706569561e-01 8.194627204845108537e-01 5.747003110019591743e-01 9.730042444684390279e-01 1.048244316705818857e+00 7.188455801421933522e-01 1.241661248968514819e+00
5.757251290602144467e-01 1.187933884356420916e-01 2.823184969990244486e-01 5.276432733341012149e-01 1.102866702107514751e-01 2.441133997274296807e-01 2.156451512963301065e-01 2.218764308107578076e-01
1.279069462652189237e+00 3.179169212363691654e-01 1.055563756009514798e+00 1.089113943831390818e+00 1.377467965222843649e+00 3.891803974214377293e-01 8.496274318307439621e-01 1.250256529093222380e+00
2.318102501954557582e-01 5.229410553598866640e-01 1.408261583681440776e-01 9.273998963753196989e+00 7.947072519664566403e-01 2.940582482601596936e-01 1.233711239254632108e+00 7.449193044297113264e-01
3.334273092847255260e-01 4.925646570656793122e-01 1.214135788957718398e-01 1.622693952834464604e+00 3.246754977391779207e-01 3.080943630467499750e-01 3.051636004284113413e-01 3.115130793875975912e-01
3.836795420947599622e-01 8.026002269327436878e-01 1.855819403747507035e-01 1.013696850086413859e+00 8.415097027386064799e-01 1.572199931444326904e-01 2.847319639843466921e-01 5.493150389789782650e-01
3.239018121489213309e-01 2.421000218467992404e-01 1.292929788987380313e-01 6.127993208424362237e+00 5.486053352114560466e-01 1.702270560685768819e-01 8.692203577407082715e-01 5.067243176762908918e-01
8.085098353395984816e+00 3.099550892825092552e-01 3.735222191325886509e+00 7.032003129852908430e+00 1.209185033985724189e+00 7.903732729855806119e-03 1.405226467037051341e+00 1.133999315610003666e+00
5.514935220978724573e+00 6.274856450717802847e-01 1.834239257839305637e+00 2.892609982269834568e+00 1.019624420400266039e-02 2.203589991401287973e-01 4.927230695693400331e-01 6.437180888739753304e-02
5.532653810005706774e+00 5.120725789488854429e-02 2.207388512431923910e+00 2.145246968080753547e+00 4.403413238299852539e-01 1.021018064427147709e-01 5.344526566176212024e-01 5.197202100981339612e-01
1.017492740374047422e+01 4.944296539067910556e-01 3.688004717415094280e+00 4.941013976937955299e+00 2.341074428368044580e-01 2.243649318382821556e-01 9.241146153007562258e-01 4.171365037887615479e-01
2.209964987350324650e-01 8.887722074536309746e-02 4.564738457762740342e-02 4.824750468486937116e+00 1.231454383924367318e-01 0.000000000000000000e+00 6.112101726497118914e-01 7.129403404509826458e-02
2.871519065161314832e-01 1.774108636024196717e-01 6.345844061250734136e-02 1.774946181612438778e+00 8.125210965663911633e-05 2.357852333086617180e-01 2.742731001515959499e-01 8.775166737544934370e-02
5.405271105119627828e-01 3.295973137844229184e-01 1.546253865824704365e-01 2.200738069337559999e+00 1.413249860042133099e-01 3.042798272059012432e-01 3.776884360850047417e-01 2.210183447254262523e-01
1.539976770432583963e+00 6.589742165072758340e-01 2.863382850797515644e-01 1.004870500632447161e+01 2.624232286871450159e-02 3.535213722113121904e-01 1.344306148873963380e+00 6.270899323726249197e-02
