3.726638654070144607e-01 4.280291168437940774e-01 3.251095493499790434e-01 6.119866474800552680e+00 4.210160471725643561e-01 6.965859700687878409e+00
3.003065083978344596e-01 3.898036652606227670e-01 2.180551945406655756e-01 4.425882120720684654e+00 3.816145444823717536e-01 5.504594675656450775e+00
1.127196221783109131e-01 1.621560342967814927e-01 1.175228043995652921e-01 2.518555886871781446e+00 1.667963738467017065e-01 2.575415132187016898e+00
2.571330840092941883e-01 2.634944648326015826e-01 2.249312543795950192e-01 3.646304800765707732e+00 2.868219101629889134e-01 4.883482578191661538e+00
5.377877306274407854e-01 5.535355341178680444e-01 8.573324954915093055e-02 5.268712645710921239e-01 2.354758410759163478e-01 1.159363611961644391e+00
3.299708051922675689e-01 3.073703149978600502e-01 9.683833279544359907e-02 6.384456788241152925e-01 1.485373828482200453e-01 4.807511323055567720e-01
1.436261898993900776e-01 1.629263990181530342e-01 2.726402192816479789e-02 1.696137203963286044e-01 7.490629817119918987e-02 2.256253715759714007e-01
8.590198595371953960e-01 9.106189276835150448e-01 1.174764887909318933e-01 4.631033769226907681e-01 3.896632299305604064e-01 5.916093099252943688e-01
1.879656291165531012e+00 2.644312040782891060e+00 5.744483676880531853e-01 1.954287065847992722e+00 1.710030515968603559e+00 1.368622542214275484e+00
9.130665700842612864e-01 1.364956039848052027e+00 5.070245015038916669e-01 1.952642435220023565e+00 1.033157722756559815e+00 6.433169187456910798e-01
7.354867853788206178e-01 9.438774691761521174e-01 8.444997844135923026e-01 5.204159493555121641e-02 9.832864282727584726e-01 1.129295450669044326e-01
1.263813817969180686e+00 1.833958530468573045e+00 5.072729523922855366e-01 1.558747462061634614e+00 1.259735215756658588e+00 6.520868768764521706e-01
1.032368776814778233e+00 1.266716355984855324e+00 2.899749205126903595e-01 1.273034806892715531e-01 7.562721223140511650e-01 1.558816032050244660e+00
4.928289085271533310e-01 5.136244601684143429e-01 4.974365744525349187e-01 3.654986730520833893e-01 4.703224757870216322e-01 5.904048361979225001e-01
5.019193281635585535e-01 6.224420967058493792e-01 1.983667104134876902e-01 1.864654356991223838e-01 4.224965033192468744e-01 2.073055893797937532e+00
6.109149939194747247e+00 5.909612302109755078e+00 1.746906851129337301e-01 1.916349141595659056e-01 1.578819466237582958e+00 6.967156968737924227e-01
5.045058244190537167e+00 6.571097712890395570e+00 1.233372323188439879e+01 6.554452405350050803e-01 1.076881876202217825e+01 1.011665109763146386e+00
5.786748539577751815e-01 7.352825062657410982e-01 2.944982820280432456e+00 3.575278563775102780e-01 1.976630363893375764e+00 1.118238693143071283e-01
2.205461565004275037e+00 2.042753087880402774e+00 1.096777153479044742e+01 7.736879226222605210e-02 7.244480837930161954e+00 6.938721471700964871e-01
2.700941851176934971e+00 2.982321502961934989e+00 5.220053724915717730e+00 2.900924547365443251e-01 4.281080827050957716e+00 1.660141227926044127e-01
7.050164854496187017e-01 6.798847415945739048e-01 3.669874048867616256e-01 5.764140205771179915e-01 4.001277164873053849e-01 1.801301615729423156e-01
1.525352523218322931e-01 1.561094527872907700e-01 2.840749262298164490e-01 2.710951452392523775e-01 2.051570264658399145e-01 3.439754403929383419e-02
2.732534966808767840e-01 2.265591414848750762e-01 3.464893408535943409e-01 3.693122259172628707e-01 2.366925820718290274e-01 2.371476730187732362e-01
7.724352963521410320e-01 7.591044304349513494e-01 7.928817177241608283e-01 8.594833974202420457e-01 6.691171762259706668e-01 2.654466053846374698e-02
4.721929037957078856e-01 3.857766642049783590e-01 5.535476363542966016e-01 3.539455586270625176e+00 6.305001860637773348e-01 1.344795685382774941e+01
1.224991662444381013e-01 2.317457654471758235e-02 3.834484408495005270e-01 5.322708326046533323e+00 3.396706097848320449e-01 1.326799750716390136e+01
9.353747944396439973e-02 6.417184677337041399e-02 1.518714804324751699e-01 2.620609162247737434e+00 1.647254737488362542e-01 4.066208191154209395e+00
2.687161281591892159e-01 2.515498344782851614e-01 9.065177264290742443e-01 2.179167533247778010e+00 7.364804477585007447e-01 1.152287398197815449e+01
2.390213975632694554e-01 2.151571466701954760e-01 1.153600743828691044e-01 3.829519434817785228e-01 1.395063506827629030e-01 1.322237033406603590e+00
2.434278242680180115e-01 3.269529092600504949e-01 9.526584226622780704e-02 8.673245273477208084e-01 2.389104855568915109e-01 1.144061315071576157e+00
9.007426836161160077e-02 1.165923629395394789e-01 6.349593778723242044e-02 1.494096824909371124e-01 9.802043942663130061e-02 5.789416190233113158e-01
6.220830555611865931e-01 7.358485345643932529e-01 1.506326068727323053e-01 7.660005891045992277e-01 3.848730696372631988e-01 1.134291483482819274e+00
2.228924291999684115e+00 3.488214570022865058e+00 6.258034174769689928e-01 6.508068060934264487e-01 2.402882433407911744e+00 2.018672668352284649e+00
1.724483071269225176e+00 2.857687269032314070e+00 8.906758759952539961e-01 1.328191116336254973e+00 2.269066536454500849e+00 1.810376798699282030e+00
1.314302824272010728e+00 1.593283967944957524e+00 5.220444928560085129e-01 1.087052229187283947e+00 9.758377703959966176e-01 5.178135260052857403e-01
2.691179670306601768e+00 4.060752263771234105e+00 9.473133535250086723e-01 3.728465899603424782e-01 2.906355007415397207e+00 2.550116646832515155e+00
5.364718073507743767e-01 6.107583160027694191e-01 2.428925259321104702e-01 3.929720125966197630e-02 4.293292660360616964e-01 2.413783117631039143e+00
3.636720903671210037e-01 3.626916709826843999e-01 2.483055499658078369e-01 1.778289091606723160e-01 2.980085461399512026e-01 2.048504000765931199e+00
5.112780363758657742e-01 5.444799412551660778e-01 3.547125688009499234e-01 4.527208640836584697e-01 5.015282915058869584e-01 5.433117254414209896e+00
9.691461127938467701e-01 1.068063963152869889e+00 1.066051537641447278e-01 6.995524384418395636e-01 4.748611510463099372e-01 1.966478625638695688e+00
2.062196761287230284e+00 2.015131613906975261e+00 7.335527525010983041e+00 2.191511088800886520e-01 5.117518887676108186e+00 7.679647451259125068e-01
4.721305537772294003e-01 7.387561733505348949e-01 3.320407844435104394e+00 3.423191169787388466e-01 2.263792868652025447e+00 3.921592248759098176e-01
7.417310611305529822e-01 1.277945922059312123e+00 8.843579501456394709e+00 5.701942183177043377e-01 5.806412869312778113e+00 8.869973260548777994e-01
1.038314282453566495e+00 1.171726147256261008e+00 6.664639620711078294e+00 5.474356461410215813e-01 4.336954679681714886e+00 3.849489444566476792e-01
3.239972522975662628e-01 3.057851241468458325e-01 1.849643875720102248e-01 2.696108633519065378e-01 1.943271008687479928e-01 1.555856937111214644e-01
2.001441860473376910e-01 2.414996573786013512e-01 5.101847626739047792e-01 1.730592987368272662e-01 3.742511127289500639e-01 8.414053159718598573e-02
3.035124726642625670e-01 2.871393270875188808e-01 6.957167850725729519e-01 5.160906223702627083e-01 4.966032036443125963e-01 6.400594604742176896e-01
8.462867220786169931e-01 8.865037867825631412e-01 7.473372643508461310e-01 8.463839807297814932e-01 6.558465851836262628e-01 2.048926380485613929e-01
4.018233661567389703e-01 4.588767481091385325e-01 1.942913469910276247e-01 1.104079318446864377e+01 3.171146227476859814e-01 5.103279191438209850e+00
6.054724353765349176e-02 9.281719991501925782e-02 2.427803859622735816e-01 2.316257334904989662e+01 9.385829828504761718e-02 5.446681609050512129e+00
6.842448895883221360e-02 1.156666627352469501e-01 1.161452017691134569e-01 1.196305009077416592e+01 9.178815547223838356e-02 2.367669549152483288e+00
2.719525933185943378e-01 3.216964655565790476e-01 2.225105453001338662e-01 9.752997071810991514e+00 2.604624919122910942e-01 3.391360032007665559e+00
2.482111982685359652e-01 2.662948535718210885e-01 9.858904579888509712e-02 4.341132364484437955e-01 1.649595578213332026e-01 8.927010075407013634e-01
2.894967173623743673e-01 2.714066357778581740e-01 1.290305078837475916e-01 9.946665319936990324e-01 1.523421205907089515e-01 9.585437003266106260e-01
4.259050910119287214e-02 5.803762379095048218e-02 2.379765982667394336e-02 5.462378600108356297e-01 4.916016663920629720e-02 5.566395968628347068e-01
3.547676494354665699e-01 3.526589802016596997e-01 5.930302137713450161e-02 5.883558099565284749e-01 1.389963864054337972e-01 5.072829444482021000e-01
1.046840364534893375e+00 1.458294185860962600e+00 4.791426521280633399e-01 5.415005222695185694e+00 9.895152592880950282e-01 5.746544989678401549e-01
1.265887075496397340e+00 1.634324444015793354e+00 8.265922775325189598e-01 7.959066547410984072e+00 1.203009176730247987e+00 5.865919005910937845e-01
1.629383133251390614e+00 1.732453995607621700e+00 8.021417306724691887e-01 4.652097065619763328e+00 9.473007580192729371e-01 1.892288553810459600e-02
1.450029405091058488e+00 1.938730971011855653e+00 7.836815316781855500e-01 3.623134664978861608e+00 1.414857250124850196e+00 5.394565771207379123e-01
4.014023169644826972e-01 4.988355528355075119e-01 1.848831969288986243e-01 1.571276186950614495e-01 3.711798261341822114e-01 1.540120648653148461e+00
2.656102470467568422e-01 2.520692002619697725e-01 1.810328224295077448e-01 3.903252801706989517e-01 1.887219988471388610e-01 6.074030117868077783e-01
3.170441439107097858e-01 4.074547007310794222e-01 1.693535043396776074e-01 2.667648946534210697e-01 3.379447976956138078e-01 2.192546299068391047e+00
5.429973434865131843e-01 5.692316927082807787e-01 1.760804992327421603e-01 1.617496626222569844e-01 3.331209537186464176e-01 9.243687737555470463e-01
1.513326925684888469e+00 1.349346149777914006e+00 1.095451454752547171e+01 5.070228909720388977e-01 6.909767020670336990e+00 3.737236593841603560e-01
3.193844895707251830e-01 5.739943756950278697e-01 2.602464612548940792e+00 6.279011663582545477e-01 1.773064276477936962e+00 2.011849400719092906e-01
3.978113668099012012e-01 1.063409550404888604e+00 7.650190786275567589e+00 3.431828291287086774e-01 5.070919337593519316e+00 3.822167505743829241e-01
6.760558012460311517e-01 9.248596529100309160e-01 6.537967856367650654e+00 6.398241785464339193e-01 4.235407212325730697e+00 8.384301506762523171e-02
1.690819315197135408e-01 1.734483419023399864e-01 1.705788586556030995e-01 2.027120769218255236e-01 1.525625358001374277e-01 1.104873790966013208e-01
9.898435606881753057e-02 7.759660465829834597e-02 1.655844299521933849e-01 2.933248876975170782e-01 1.183136894156213287e-01 4.641708259576778073e-02
1.547467878940580466e-01 1.440547757027024756e-01 3.302320726084739255e-01 5.517453883167591222e-01 2.491670474147729686e-01 4.046065923772339534e-01
2.766308416071544540e-01 3.385767784059076635e-01 5.817128729031435519e-01 4.918679746533005659e-01 4.570476387913643967e-01 4.977595529406723951e-02
6.710140848861110285e-01 8.621987516448017530e-01 3.412391926651671681e-01 4.915034234562194015e+00 7.034759781670105738e-01 6.567394353328634971e+00
3.713527579935125833e-01 4.076006800054564616e-01 3.367532865555150634e-01 8.913799477243870228e+00 4.394056010318964089e-01 7.698534806064396108e+00
5.444610908692092827e-02 5.225000610744315321e-02 8.321683709894221737e-02 1.668701593401048733e+00 6.949964332052882554e-02 1.807355690939531856e+00
8.010883984907299915e-01 8.406496740734820117e-01 3.922620497518249927e-01 3.610397692291117178e+00 6.436245422657952409e-01 6.849164633770223887e+00
2.542386556703434053e+00 3.158616459258825504e+00 2.511092061030630873e-01 5.407333819028513622e-01 1.523539905862641097e+00 5.572840546058993594e-01
1.317526000580645729e+00 1.347950521287599734e+00 6.878337731942929523e-02 9.380382690550203018e-01 4.331054883229369934e-01 9.846692813325108595e-01
1.659037903502463274e-01 1.629984115830966918e-01 2.501517177032836284e-02 2.385443802553302850e-01 3.490203740297558727e-02 3.210518004392721725e-01
4.727450504222038496e+00 5.384040950703601780e+00 2.146648882502752431e-01 5.700906554598890175e-01 2.111660915756442769e+00 5.095455175051464281e-01
1.746781492304814609e+00 2.231485574928318893e+00 6.117628564346144771e-01 3.195691211964128975e-01 1.387927318698256585e+00 5.767111968665199484e-01
1.301650138865656725e+00 1.871931737326634648e+00 5.076218132886990420e-01 2.082774235748671376e+00 1.267436416151274114e+00 1.091721618842461661e+00
5.741145138926249114e-01 6.382954088299227502e-01 3.702126649598650454e-01 4.862555677917871355e-01 4.455758200659674650e-01 4.274558878186915378e-02
2.068727183075031562e+00 2.896335905693426582e+00 4.752550431071603798e-01 6.520361969015219250e-01 1.766362458316172113e+00 1.147664164185103530e+00
6.929573338325858423e+00 6.464209326868063599e+00 2.117068927515050169e-03 5.677759093632421816e-01 1.460877867141347819e+00 1.481691899235351606e+00
1.279337305089532251e+00 1.264810448086906902e+00 1.114023404083642754e-01 5.398059460996040837e-01 4.109938146622451605e-01 7.223741220942713204e-01
1.031895294889521253e+00 1.107754611714777404e+00 1.098259139216128111e-01 2.242226393061702017e-01 4.877431172216292188e-01 1.588733021827319458e+00
4.623892082264516645e+00 4.382749156239608368e+00 6.296280607023788112e-02 2.762421453149662698e-01 1.050436951435697264e+00 9.458407589824396888e-01
6.673565732453367261e+00 6.809004629270358322e+00 5.631831183064654134e+00 3.392436052571010108e-02 5.438622349487904017e+00 3.004660993471565678e-01
2.263460521572183470e+00 2.335230047507151241e+00 3.341103862779265743e+00 4.864237037249384832e-01 2.569468087949692503e+00 8.619982024512111429e-02
2.161499816189719425e+00 1.909563352924623647e+00 4.097481005190137360e+00 2.904822435015080306e-01 2.860356251876522649e+00 2.511306625876979504e-01
4.211190404997318559e+00 3.992707391528335314e+00 6.830501339226248803e+00 5.494761319130274657e-01 4.953678041224712558e+00 6.195747650114997312e-02
3.544048707901594319e+00 3.187785516012702658e+00 1.475821822396789496e-01 6.104629878352782956e-04 7.097994554938976686e-01 7.248457333701731342e-02
1.287261343520024859e+00 1.151614355920854926e+00 1.598782181380747625e-01 4.917661663269425332e-01 3.144105654380708326e-01 4.508229227959319185e-02
1.648893106144433629e+00 1.579547315518843975e+00 2.638409327318384512e-01 5.264298815927467290e-01 4.980192632079630810e-01 3.907780865988956798e-01
7.242488641278034933e+00 6.612200892140888797e+00 7.725458705866053988e-01 6.669481367582440479e-01 1.734005607167439900e+00 1.022763058353784171e-01
