2.840863572284633154e+00 5.543379121398928078e+00 6.147784464181536151e-02 3.309018171156639987e+00 5.808171895046576605e-01
2.226883796920767544e+00 4.142458565104938373e+00 2.698749286325281133e-02 2.605054436314477417e+00 4.772629280977255251e-01
1.175996037662607296e+00 2.203209221599190304e+00 8.957853241212624523e-04 1.201212843878179948e+00 2.119820302533410306e-01
1.808591708084998029e+00 3.514502229249085730e+00 4.384213087831776573e-02 2.320681661646717409e+00 3.995796831842248764e-01
4.800053997411052320e-01 6.404029197602372214e-01 1.341937080510790248e-01 7.030761935222664682e-01 3.367879555014489101e-01
3.527184305406311227e-01 5.096590701562400128e-01 9.328411948718245972e-02 3.191243232390533757e-01 2.032482378338321682e-01
1.473079926772774273e-01 1.670614542906312394e-01 3.283345009153455091e-02 1.432301568856610974e-01 9.422447943024095385e-02
5.726028792641152387e-01 4.450682623406924665e-01 2.136288207187278243e-01 5.162957318109790972e-01 5.026329522854940945e-01
3.064984832218215161e+00 1.574417757437056142e+00 3.434095548077986115e-01 8.859173819772492298e-01 1.490534138339707493e+00
2.004880291768837086e+00 1.340399199269838304e+00 2.230139336812897444e-01 3.738276326931436744e-01 8.278216543108494196e-01
1.018906217635269451e+00 7.954805404074516417e-02 4.097055869807817441e-01 1.349369568574673439e-01 7.268839428145815740e-01
2.160791372060490545e+00 1.121052844036877660e+00 2.878773093503867453e-01 4.612689578433695203e-01 1.049254674764593664e+00
1.133917593134457835e+00 5.420575262071426481e-01 2.376029803420650344e-01 9.411389259487363823e-01 7.556818692949387462e-01
4.577747016508750821e-01 3.828365479311972575e-01 3.141767309757232951e-01 4.017008551654468462e-01 4.205149228382986659e-01
8.336439664900398006e-01 7.145973074408531467e-01 9.083024288073529573e-02 1.058222185246394442e+00 4.410545631026934199e-01
1.027705111527315696e+00 3.228202931730040359e-01 1.591687112586771757e+00 2.392465907342271159e+00 2.903961806480297447e+00
8.848173865821124195e+00 7.963197514080719852e-01 5.665137454226952585e+00 6.956624022374460203e-01 7.002421812548043079e+00
3.026220800639239927e-01 2.391971584442778298e-01 1.807847695906853680e+00 2.005823780593462835e-01 1.183474888692192639e+00
3.447911780059036424e+00 2.594215397298349490e-01 5.203136915000557750e+00 4.629639817788275824e-01 4.388631922833330812e+00
2.848176293937820347e+00 2.455071686435051914e-01 2.733140044355238274e+00 5.352360120796986198e-01 3.039101110734637512e+00
3.460697541007364264e-01 3.845068608465047610e-01 3.446296613445110069e-01 3.062213958733259189e-01 4.465820518204119960e-01
8.819208599873711030e-02 1.639379200883290810e-01 2.037636843240651086e-01 6.846745724447445003e-02 1.556114003586487327e-01
2.145195104723965351e-01 2.790000931106165760e-01 2.118444501269231561e-01 1.925989395661347470e-01 2.261951187515756356e-01
5.401027691217720195e-01 5.076374863313675156e-01 5.402915976836221157e-01 2.310037251379750411e-01 6.031417585733263031e-01
3.019236290141168233e+00 5.935056813657947572e+00 6.748504119243275978e-02 6.369362191211939361e+00 9.129467900916625744e-01
2.968973648708209012e+00 6.903484002426877097e+00 5.093199407978733773e-02 6.244572227774002116e+00 6.530821668393042012e-01
1.274550789116105420e+00 2.685682722468230033e+00 1.153957183276180243e-02 1.909304666102036308e+00 2.514047643374486274e-01
1.941196744666244145e+00 4.589793794242161162e+00 4.636249669245207095e-01 5.482145428641674201e+00 8.255626385325800509e-01
3.732219564872468753e-01 6.028857028757147463e-01 6.851383602545495222e-02 6.841598103318642377e-01 1.949190497579699755e-01
6.603748630885424298e-01 8.364282854831364133e-01 4.841048685307432209e-02 5.668020056304848842e-01 2.327600984171526444e-01
2.285830761454098470e-01 2.542420545336026017e-01 1.112850350058289424e-02 2.859532337607044727e-01 9.744023771199192274e-02
7.933058976561760955e-01 7.762006604315380143e-01 1.396952049291552700e-01 6.749017941538180132e-01 4.353160066299117670e-01
4.145456730363729747e+00 1.041205608376822855e+00 1.987938563867472364e-01 1.082099264677086836e+00 1.931612627671073890e+00
4.092983864686940976e+00 1.364610114286457954e+00 1.727971673045193834e-01 8.368338536805317585e-01 1.711634867613241795e+00
1.427121259999055924e+00 7.991985060187920542e-01 4.102603270242636269e-01 5.194066968745461033e-01 9.392391654168733561e-01
5.025905709627600970e+00 1.049592973975779664e+00 1.985177078086239333e-01 1.342979905309047428e+00 2.348338472276343403e+00
7.889067162475125183e-01 7.298177704672118571e-01 1.245847669935531976e-01 1.235554213709934679e+00 4.674593160593102925e-01
4.848539451060499550e-01 6.976864719047495278e-01 1.548063647559826117e-01 1.054012772893680561e+00 3.322358149097160429e-01
1.272219494495076431e+00 1.837841475712632899e+00 1.111214430797660829e-01 2.638951033102413746e+00 5.940448425051867432e-01
8.957288991487308838e-01 9.800058328244579675e-01 2.149388842329202909e-01 1.186586300058228627e+00 6.240800753678614754e-01
2.786531495627663446e+00 3.659842949124144651e-01 3.542689574296343569e+00 5.886974859958922224e-01 3.271833055858496486e+00
1.680376813363268496e-01 3.073226079476545913e-01 2.128757508436606827e+00 3.173466441213783629e-01 1.285771634034040156e+00
7.767164639129274795e-01 5.782406238790893660e-01 5.196197245525722153e+00 5.130728148410547140e-01 3.147039497866835234e+00
9.724995088271869426e-01 4.267652204259388959e-01 3.744242117080259558e+00 3.600957780901975491e-01 2.524032319479308839e+00
1.587890181128502887e-01 2.028784961236861362e-01 1.683992679919072699e-01 1.766545298602236747e-01 2.102442856687953832e-01
4.846412072314042890e-02 1.218003636210722301e-01 3.748555976405636425e-01 1.082773173736226724e-01 2.550982847295539258e-01
3.078311496774024936e-01 4.816227335813023647e-01 4.254729371790357817e-01 3.871083712886126404e-01 3.686437412760920074e-01
2.160838241680715921e-01 5.424076527796206637e-01 7.170688397489606292e-01 4.042331662786589619e-01 6.279573421421733581e-01
3.805561784607813358e+00 7.830947859033653202e+00 6.168179555206867309e-02 2.454230753323231262e+00 4.991195408967009084e-01
6.744684185504039142e+00 1.489966850544026400e+01 1.817189652440488051e-02 2.512059901687419661e+00 3.491777813314825285e-01
3.530497581985799993e+00 7.569645214437042746e+00 0.000000000000000000e+00 1.081739345261610197e+00 1.960176008909498835e-01
3.202085210328023290e+00 6.595280990931717824e+00 7.295784470194940918e-02 1.621697643341640571e+00 3.656639451234900418e-01
3.753194680923842563e-01 5.070074498292846954e-01 6.743605397223939590e-02 4.830346424771966851e-01 1.953181052674919926e-01
4.941559520331715305e-01 8.524618498210891904e-01 9.634073322891512081e-02 5.284714538670892692e-01 2.119529072418837590e-01
2.530359181711075989e-01 4.757527272733199641e-01 9.394691914806910932e-03 2.687033871071203839e-01 5.894231982267002234e-02
3.230799680479059521e-01 4.881905410710840054e-01 9.552949096436226528e-02 3.443122072966050551e-01 2.107709073789318932e-01
2.737463351818107959e+00 3.309082902116596614e+00 2.850125498818313341e-01 4.093942802570168515e-01 8.654768448573609829e-01
3.425932263530279798e+00 4.770144120959905365e+00 5.069538671844969757e-01 4.864090517378316658e-01 1.058055182557427587e+00
1.745719940779145274e+00 2.687965625951267423e+00 7.710259135790247242e-01 5.026835782751583048e-01 1.052238925007705328e+00
2.694488405162107192e+00 2.275685931184490585e+00 4.703682860005531374e-01 4.611238279021663278e-01 1.197716997980291076e+00
6.634818726113630438e-01 5.462224665477005692e-01 9.022425626820140820e-02 7.883387511860499020e-01 3.610089617770785297e-01
3.072756086665596742e-01 4.028225743539250447e-01 1.253443500804893307e-01 3.544963255005061376e-01 2.042419944379172958e-01
7.397720029485668203e-01 7.977848636566025053e-01 6.063842692095065823e-02 1.067694802918529806e+00 3.360898756394496423e-01
4.941629506550311857e-01 3.682366226337048243e-01 1.434165978308725997e-01 5.637242729944329511e-01 3.779607308321083492e-01
2.317007257092480899e+00 3.978464995274409999e-01 5.502406704064274123e+00 2.620312748363127220e-01 3.980373051428376829e+00
1.750310349501536800e-01 4.162452338714561773e-01 1.687695122838665185e+00 1.892661411561965545e-01 9.875805523281833143e-01
2.754062217343539176e-01 3.063827667373794084e-01 4.677781035545423904e+00 2.246598399178768024e-01 2.638174694723836478e+00
9.021111792593279333e-01 3.893635249908229401e-01 3.645875188870824513e+00 1.017954732046271182e-01 2.333537723630082716e+00
1.015542660932062524e-01 1.485676740020123732e-01 1.346202113466353212e-01 1.058265930085803413e-01 1.345270138909838986e-01
1.030762954057378999e-01 1.828593897786587874e-01 1.090165311955364202e-01 5.070880518556633576e-02 9.103886893956385229e-02
2.935867296395904824e-01 4.369241524338118854e-01 1.799197744279493749e-01 2.224471315623522405e-01 1.898612225136428466e-01
1.232792441619298823e-01 2.896392606684174975e-01 4.628033462647141993e-01 1.209196828903620347e-01 3.259687704628896343e-01
2.912880443994844804e+00 4.744794858390728898e+00 8.556305919722226316e-02 3.154511494180152198e+00 7.896463988416498880e-01
3.713513004185418076e+00 7.362347129411494606e+00 3.054696082326489523e-02 3.634280162472579789e+00 6.239313642716194375e-01
7.063686847487167242e-01 1.484367995054187261e+00 1.189744223849854496e-02 8.527911748881362719e-01 1.193883937924416078e-01
2.395615527346615092e+00 4.068967483546629182e+00 1.694600956407076586e-01 3.374456753568737533e+00 8.161584895175979515e-01
2.245606209870617320e+00 5.159369818058403556e-01 4.672816842606019594e-01 8.201108401801285863e-01 1.599081125336522913e+00
6.921472139013334912e-01 8.294862639482292188e-01 3.335955873405312411e-01 8.802570828785483137e-01 6.981965401381116099e-01
1.036725467836768499e-01 2.303652333822396869e-01 5.479107174470287944e-02 2.089218278603922063e-01 8.864351240711512703e-02
2.633895002806024177e+00 5.237290936713140388e-01 1.014415241489069253e+00 1.526323049309399327e+00 2.635076859497575974e+00
1.911543960655499141e+00 3.888108108523636863e-01 4.315234026922435406e-01 5.871601484982347241e-01 1.274995941703842339e+00
2.405794707191711623e+00 1.554112228241894655e+00 2.736205590017221079e-01 6.669217056790930354e-01 1.084411513418312989e+00
4.957715208712845656e-01 2.964274416860379624e-01 2.710711883282916346e-01 1.594881553537607910e-01 4.190929271443292192e-01
2.831946974026281705e+00 7.580555106907056473e-01 3.363145831331593727e-01 8.363069112733287902e-01 1.567666515959096785e+00
1.043016430715223208e+00 7.564449950360863095e-01 1.684162269068951723e+00 3.097276392465176720e+00 3.166843675863613594e+00
4.508537718729354049e-01 5.235130158380412180e-01 3.690323635611727493e-01 7.628193304404925490e-01 6.650813958727456177e-01
8.075103805606190788e-01 5.986454735809697558e-01 1.988533680127900216e-01 1.018859501319050231e+00 6.358136057025908228e-01
7.313128139468760835e-01 4.349641006140175237e-01 1.159008464082680545e+00 2.035030569034134817e+00 2.146100701156687940e+00
3.264670602185480774e+00 1.461775988767539114e-01 3.983490715465904497e+00 1.959569120268443099e+00 4.982913034448408496e+00
2.439974596887556357e-01 2.985663510004399335e-01 2.576480789127157500e+00 8.153085409219333890e-01 2.051389666063121897e+00
1.131960395159592903e+00 2.370960554414158206e-01 2.366275111138651077e+00 6.952345877223584658e-01 2.186050298403708680e+00
1.023644354552709190e+00 3.258638791526616285e-01 4.635982775758844987e+00 1.350256845098798397e+00 3.928061472240239826e+00
2.305173308139071287e-01 1.923146440125312120e-02 9.413366283220612196e-01 1.287627520294249983e+00 1.588545344070330323e+00
1.471162973156766030e-01 2.954490333809055569e-01 4.296276292379578310e-01 4.807818027690290430e-01 6.073160095722428542e-01
2.986497627581324865e-01 4.176746606012122220e-01 5.792341538701460957e-01 7.604372901323934730e-01 8.379280909000097477e-01
2.682351696717437117e-01 4.025826067190453883e-01 2.387403968450966474e+00 2.668913219805927994e+00 3.381908440571677943e+00
