MutationType	Sig1	Sig2	Sig3	Sig4	Sig5	Sig6	Sig7
C>A	139.31677000	5270.02250000	3425.66770000	974.45984000	6376.03600000	4250.94630000	2036.16210000
C>A	82.30261000	3141.61330000	2044.72800000	630.94240000	3792.54540000	2541.18020000	1286.49560000
C>A	31.66546600	1069.79250000	676.84686000	154.13269000	1307.77540000	862.15040000	361.31460000
C>A	93.20727500	3476.56100000	2255.68300000	645.38654000	4204.03900000	2802.12550000	1341.16720000
C>A	171.77173000	5964.64600000	3787.53300000	905.09546000	7252.25400000	4816.44430000	2095.94870000
C>A	149.66138000	4937.81540000	3110.74000000	711.13245000	6003.92300000	3988.29220000	1707.62800000
C>A	40.23608400	1268.73750000	789.61145000	166.83472000	1550.05830000	1021.52470000	409.97073000
C>A	155.18200000	5050.15900000	3193.22630000	754.71470000	6132.17900000	4082.31740000	1791.84630000
C>A	97.67688000	3611.75630000	2310.17200000	622.78925000	4385.78800000	2909.37200000	1372.19030000
C>A	77.39648400	2843.10000000	1810.80490000	477.53240000	3434.33370000	2292.65040000	1073.69930000
C>A	27.37353500	961.81134000	607.60990000	137.41988000	1173.05570000	772.16270000	322.52850000
C>A	69.17053000	2568.38480000	1651.09730000	466.41406000	3111.38160000	2072.25170000	1007.76324000
C>A	123.44043000	4850.51760000	3119.68360000	835.49866000	5862.91800000	3918.06450000	1789.52540000
C>A	111.57629400	4289.72170000	2747.53080000	717.04860000	5189.61100000	3458.91020000	1582.96600000
C>A	19.91067500	760.15880000	484.00320000	122.84865000	924.08810000	612.04650000	273.32670000
C>A	144.74951000	5480.97950000	3519.73540000	977.57910000	6617.01560000	4427.99500000	2121.55400000
C>G	44.23993000	1770.60950000	1181.25270000	398.58316000	2131.43800000	1438.54170000	749.88940000
C>G	23.24383500	877.41480000	591.63550000	225.10574000	1051.56770000	712.31160000	404.10406000
C>G	9.28680400	343.15270000	228.14647000	74.49440000	411.69490000	280.33620000	142.00256000
C>G	41.32202000	1508.29810000	1013.00450000	393.21008000	1803.87730000	1223.81750000	701.27000000
C>G	30.29040500	1241.59000000	818.00757000	246.28903000	1499.83190000	1007.30590000	494.94300000
C>G	26.70922900	1073.97800000	708.75440000	235.61414000	1295.55830000	871.57086000	455.72446000
C>G	10.29623400	395.30310000	256.35180000	70.18207600	478.07830000	320.89185000	148.42342000
C>G	36.35992400	1435.21680000	960.38000000	348.93298000	1722.54910000	1166.62240000	643.45360000
C>G	23.76361000	921.83716000	603.02167000	176.75743000	1109.92480000	745.76440000	363.37448000
C>G	23.01361000	894.84690000	590.12050000	198.62512000	1071.08690000	727.54880000	384.57983000
C>G	7.95021800	299.80830000	193.63661000	48.96462200	363.19415000	243.19826000	106.67275000
C>G	27.92035000	982.26270000	655.56696000	249.11116000	1172.58890000	798.34216000	451.57312000
C>G	126.92383000	3719.02830000	2437.19500000	571.31604000	4436.98140000	3011.18900000	1118.89880000
C>G	45.35315000	1863.19000000	1239.59860000	384.35510000	2224.57230000	1511.14920000	725.45030000
C>G	9.48002600	356.15448000	233.01819000	61.96475200	426.28710000	287.66412000	124.10123400
C>G	152.27588000	4925.00500000	3246.92240000	882.86536000	5866.43200000	3987.49200000	1680.99270000
C>T	96.44604500	3126.59520000	2106.48240000	880.09076000	3757.02150000	2531.22120000	1538.11050000
C>T	52.97613500	1565.61720000	1061.08020000	469.48340000	1879.07370000	1269.86770000	807.12110000
C>T	135.87988000	2189.57200000	1564.65760000	923.96890000	2626.58150000	1779.02930000	1396.47900000
C>T	73.55347000	2126.15700000	1447.01320000	638.60254000	2546.57180000	1726.64690000	1104.73460000
C>T	84.78979500	3138.13400000	2075.74410000	774.15360000	3767.24150000	2535.10860000	1469.92360000
C>T	73.89587400	2477.94460000	1662.40820000	687.67993000	2976.09380000	2013.60610000	1235.20680000
C>T	82.27588000	1676.01600000	1161.41640000	612.63257000	2011.65480000	1351.66160000	962.54565000
C>T	106.63891600	3658.02600000	2408.75240000	963.08356000	4375.58060000	2965.90100000	1817.07540000
C>T	78.05975000	2282.74340000	1526.65120000	670.27310000	2725.05980000	1841.06880000	1168.22620000
C>T	78.09442000	1933.34450000	1306.40100000	608.03670000	2308.55000000	1562.43260000	1030.00390000
C>T	111.40063500	1858.20870000	1298.02400000	722.67040000	2221.86400000	1500.94250000	1108.23800000
C>T	85.92645000	2183.34810000	1462.02150000	673.67950000	2599.57060000	1768.10840000	1187.24440000
C>T	177.63037000	5821.47850000	3812.73410000	1082.35820000	6936.81740000	4632.26500000	2144.84420000
C>T	87.18713000	3148.56100000	2113.13700000	804.92700000	3767.52150000	2538.01220000	1456.95940000
C>T	56.45837400	1379.94170000	953.70844000	459.03912000	1653.46910000	1110.06430000	732.46515000
C>T	125.10876500	4628.36960000	3059.15280000	1005.31300000	5517.35840000	3711.22460000	1930.37540000
T>A	63.71795700	2215.26800000	1472.09420000	574.40620000	2661.84900000	1772.30830000	1038.70740000
T>A	39.84863300	1043.45940000	712.34950000	329.66455000	1238.95810000	843.02344000	555.12720000
T>A	52.87628000	1891.71890000	1257.06430000	472.17413000	2267.41600000	1514.32200000	874.18445000
T>A	71.20013400	1954.52270000	1316.27310000	587.51953000	2323.33230000	1579.18260000	994.53900000
T>A	63.92083700	2072.32300000	1364.80050000	442.06900000	2489.23930000	1644.11700000	864.60090000
T>A	51.11828600	1762.02560000	1164.85620000	441.37308000	2098.14870000	1414.17070000	826.41050000
T>A	99.92114000	3234.80520000	2099.80440000	625.48510000	3899.88400000	2577.29470000	1283.03000000
T>A	62.30938700	2226.38380000	1473.35110000	565.28467000	2672.72700000	1785.98930000	1035.42770000
T>A	36.33673000	1300.40090000	851.96190000	267.63495000	1574.74160000	1038.99170000	525.70960000
T>A	21.35040300	703.77440000	473.18890000	195.66333000	842.83594000	569.88980000	343.63300000
T>A	40.54779000	1497.90600000	972.33466000	296.23245000	1801.16900000	1202.01880000	596.14040000
T>A	29.20871000	1096.96970000	729.74450000	286.02160000	1312.69570000	887.93860000	508.57983000
T>A	66.83728000	2289.93300000	1518.60860000	579.92470000	2749.85640000	1835.55320000	1064.12000000
T>A	40.17587300	1167.81320000	789.16406000	345.40338000	1386.34300000	940.36707000	612.40560000
T>A	43.85455300	1516.23830000	999.63470000	351.16864000	1826.10180000	1213.52800000	671.20416000
T>A	67.41901000	2135.64090000	1441.93860000	635.05930000	2554.60620000	1724.03860000	1086.65870000
T>C	172.02295000	4971.64000000	3350.20900000	1486.98730000	5901.11040000	4037.77880000	2538.27320000
T>C	64.16077000	1334.05260000	924.60114000	469.23798000	1574.00680000	1090.32570000	772.15170000
T>C	111.30762000	3125.42300000	2110.10820000	939.98630000	3697.96340000	2534.51600000	1603.45310000
T>C	129.36060000	3198.82130000	2185.89400000	1078.72310000	3797.60400000	2597.83500000	1791.32590000
T>C	69.62152000	2116.64550000	1418.61500000	589.11475000	2527.48220000	1722.54270000	1027.19230000
T>C	78.51776000	1676.07630000	1145.42490000	564.62490000	1990.09200000	1360.86340000	953.04600000
T>C	68.35681000	1893.86130000	1268.88530000	538.61523000	2258.30420000	1533.49710000	935.02826000
T>C	95.37085000	2258.97850000	1505.47800000	680.38367000	2710.47500000	1813.53810000	1169.42360000
T>C	92.07855000	2333.53170000	1581.44170000	711.83170000	2776.77340000	1893.24000000	1219.66040000
T>C	55.76916500	1150.11360000	788.43410000	394.99820000	1359.15210000	941.97000000	669.83190000
T>C	63.62262000	1666.49380000	1127.05830000	490.77520000	1963.90370000	1347.41700000	845.69480000
T>C	86.05640000	1999.61380000	1356.60290000	663.12030000	2364.45950000	1617.56960000	1123.29680000
T>C	105.84326000	2667.03930000	1819.87260000	852.26230000	3182.21500000	2171.77830000	1437.67110000
T>C	73.71612500	1536.59960000	1057.70230000	531.56980000	1811.28960000	1256.35350000	896.87866000
T>C	58.72686800	1531.46830000	1043.75020000	461.99160000	1817.87550000	1242.52230000	784.85430000
T>C	105.49402000	2425.81880000	1653.52340000	817.56190000	2881.29050000	1973.10640000	1361.51210000
T>G	34.03482000	817.78406000	562.68090000	276.95350000	999.21160000	680.28590000	451.28094000
T>G	16.17904700	322.91956000	225.33153000	116.71444000	388.75073000	266.26807000	184.91030000
T>G	22.05737300	637.68240000	437.98688000	202.57452000	759.24070000	520.59960000	340.77817000
T>G	54.67944300	964.33920000	661.27170000	321.92776000	1171.13670000	782.88586000	527.88800000
T>G	24.51773000	568.80320000	386.39930000	173.49536000	684.70600000	466.82030000	296.23065000
T>G	25.10182200	540.61500000	368.79767000	173.09137000	652.01697000	437.92047000	286.57110000
T>G	29.62497000	901.74365000	608.07874000	246.90341000	1077.85230000	736.44730000	433.24350000
T>G	141.47833000	1965.19430000	1278.94730000	511.85010000	2437.90430000	1545.94600000	920.17346000
T>G	11.87344400	334.41700000	228.65173000	105.57924000	404.11404000	275.85858000	175.37984000
T>G	11.60888700	247.53598000	169.68808000	82.02787000	297.94617000	202.85925000	136.01057000
T>G	20.85235600	642.00146000	439.30856000	188.90602000	767.20325000	525.05350000	326.89273000
T>G	67.49222000	998.87550000	673.16986000	279.40656000	1193.17500000	810.86670000	508.34470000
T>G	45.36038200	984.51180000	679.77320000	333.43190000	1192.11060000	818.17110000	545.70660000
T>G	24.51063500	524.74220000	367.81683000	188.36665000	632.54290000	430.68457000	304.27720000
T>G	26.31994600	837.36633000	569.39340000	242.66525000	1007.57495000	686.99084000	418.80450000
T>G	114.52069000	2068.70700000	1407.77370000	656.29140000	2510.09520000	1691.10310000	1109.72700000
