2.840699076658594890e+00 1.827671261767922051e+00 4.299279503875054864e+00 2.836168270210360109e+00
2.167224532922413349e+00 1.300485886260464463e+00 3.286097102681153181e+00 2.309486173767858919e+00
1.098177059847538883e+00 6.919861108532875393e-01 1.674398432521725155e+00 1.068080706366040467e+00
1.853671139860282313e+00 1.102946001446000412e+00 2.813957061939512005e+00 2.011982218998754401e+00
5.716414146360153659e-01 6.881856757554742909e-01 5.887481873593176651e-01 5.963616404670868398e-01
3.664687584366378426e-01 4.962139111639142230e-01 3.844691885882142168e-01 2.864266858272088156e-01
1.421786710610332682e-01 1.795503940255709918e-01 1.481928101717310264e-01 1.397317834596946973e-01
5.867496931150877337e-01 9.597242987978938933e-01 4.266402122184399515e-01 5.148605455261696662e-01
1.568543762353235449e+00 1.497841582765260249e+00 1.661846054854725363e+00 2.402441876350343897e+00
9.639289555397113629e-01 8.412432000714764602e-01 1.213748114270281286e+00 1.463177691105796319e+00
3.499291708017374658e-01 3.495958998259180439e-01 4.608218497317553841e-01 1.303646807870374902e+00
1.047659198586633034e+00 1.042463302372423462e+00 1.157621365809559766e+00 1.654028650676063750e+00
8.112063988572351114e-01 7.983847386174068861e-01 7.944693674257652383e-01 1.371815676489700042e+00
3.915358119763269196e-01 5.229901514525977513e-01 4.831170412188094399e-01 7.718159259888272006e-01
6.918152340996082117e-01 3.713349951524645975e-01 8.866310808630686324e-01 1.230427243061062326e+00
2.744381396277956853e+00 7.082431979001748701e+00 3.377618356795453192e-01 7.678566555903331148e-01
2.326095923378932007e+00 1.172443431348084042e+00 5.367151177350818259e+00 1.538670739885879435e+01
2.004739007771360604e-01 4.999856165999698177e-01 1.039759902569580730e+00 2.961845422783577764e+00
7.336984494760069309e-01 3.981047247316925608e-01 3.724803396944677658e+00 1.092306392568485585e+01
1.121616010763372362e+00 1.642505694851125853e+00 1.979469548093420128e+00 5.869548369918218711e+00
4.384348416697928519e-01 9.025836438171663811e-01 3.451400383730557353e-01 4.435120804942083161e-01
1.171729000595901904e-01 2.308760153125762327e-01 1.699335662559758320e-01 2.840972456850792693e-01
2.242790440845339184e-01 3.627539394666461914e-01 2.875104995857036272e-01 3.828641761353418493e-01
4.778135299785098433e-01 9.673171255069566987e-01 5.151320416607758634e-01 7.938080295546218190e-01
3.670694333002059828e+00 1.221909019805230034e+00 5.720900536479428311e+00 5.545281792259934228e+00
3.843278848500826683e+00 1.564868824285929882e+00 6.102445483779288971e+00 5.084730593330211157e+00
1.409426036442950725e+00 7.383456406911214076e-01 2.186370387677655014e+00 1.585954168500982586e+00
2.860550106590245001e+00 8.739289209255082236e-01 4.729348252075424419e+00 5.105894633681025141e+00
4.493695425811006228e-01 3.254331034803668032e-01 5.873757554297642791e-01 6.200850544540612574e-01
5.217420285163681948e-01 3.591032087960775998e-01 7.266231055113525628e-01 6.654324961469848532e-01
1.915921017736716414e-01 9.987827268060751884e-02 2.668901218730703739e-01 3.111200772237380230e-01
6.662630317993095685e-01 7.134913307471730803e-01 7.207022080467870850e-01 7.816081474002569696e-01
1.662215981942841481e+00 8.666824014336621529e-01 1.770532450434906258e+00 3.577733707445384326e+00
1.526304271530281476e+00 5.313102538069973679e-01 1.914752665201755910e+00 3.486315921574488108e+00
9.121647581774714464e-01 1.285240624960464206e+00 8.348730050554575843e-01 1.230138930938942998e+00
1.948864349867278190e+00 9.068806643400137979e-01 2.058234201639905336e+00 4.410886820580284251e+00
7.416023673101070912e-01 3.910007616422467858e-01 9.427428043714548567e-01 1.375033778579327182e+00
6.051524478965021325e-01 3.822235533700236720e-01 8.174505052987951492e-01 1.067688034768224936e+00
1.431522244625762275e+00 4.689338809534635000e-01 2.094190558201194818e+00 2.552168561438648897e+00
9.638443835069931964e-01 1.111571010499293966e+00 9.683743936835531585e-01 1.097083136588606678e+00
8.604097134941183223e-01 7.775386593754760600e-01 2.668475862450397251e+00 7.654063181250299053e+00
1.659997175075307863e-01 4.315735821198348754e-01 1.266621698622629966e+00 3.469358676618963688e+00
1.352664341327028674e-01 2.554008867124417659e-01 3.238229823833369103e+00 9.008493692437161471e+00
3.079757512857083657e-01 6.107452840434515196e-01 2.326886926724905713e+00 6.541998114663647002e+00
2.152475096790961162e-01 4.234078949876055598e-01 1.857485371317538214e-01 2.385562198825133262e-01
1.081277502133073665e-01 2.641899052089218269e-01 2.360678506866771276e-01 5.415096003265266189e-01
3.314674883100757752e-01 4.215468727804903004e-01 5.705155324211148571e-01 8.748146367552123159e-01
5.260162163318569117e-01 1.238467181478593027e+00 5.304928025123132329e-01 7.953139657003018836e-01
3.467720221320349516e+00 3.186467979318868604e+00 5.136809852151183797e+00 1.814081681067326812e+00
5.858216772125884653e+00 6.064410112452651269e+00 8.885698904190197922e+00 1.331565217207649976e+00
2.954154608375997082e+00 3.126131003484410975e+00 4.458469802733604936e+00 5.711943430576319480e-01
2.797162627943680757e+00 2.729075827021834044e+00 4.173547999677936993e+00 1.205037272504357215e+00
3.761536170945408153e-01 3.365884887986607676e-01 4.762639527481624113e-01 4.769659839914264787e-01
5.191497176414677783e-01 5.373697105676493724e-01 6.577878688133380614e-01 4.849493793950345744e-01
2.422999507526658880e-01 1.720815798239227201e-01 3.690795787301268116e-01 2.372612785253255252e-01
3.736054298652362604e-01 5.213097647978797156e-01 3.708443104051086237e-01 2.726831100999369539e-01
1.705436894415400140e+00 1.992620805669474526e+00 2.204293652019897021e+00 1.181762649199819215e+00
2.298233628269443773e+00 2.899289598428388182e+00 3.065612660386534127e+00 1.369401871145182303e+00
1.609526018457884788e+00 2.880129444033678432e+00 1.692286846051195282e+00 8.881862865298775223e-01
1.509749964252983689e+00 1.757967728236566662e+00 1.809621572865955708e+00 1.760069725760161852e+00
5.310225915660543583e-01 2.967285053464248090e-01 6.808378420802261299e-01 9.757777670983158735e-01
3.099016865141542842e-01 3.401001754148255674e-01 3.836367647555150029e-01 4.355891635007193563e-01
6.466423387222937080e-01 2.354921494573279928e-01 9.253068514969575720e-01 1.196381450531770696e+00
4.576399965472477405e-01 5.064060923836797290e-01 4.474859119183581257e-01 6.697546355381336358e-01
3.807320584885001136e-01 2.579744615974812749e-01 3.576659639901788701e+00 1.049755313028894754e+01
1.861894758508695069e-01 3.643470535060656657e-01 1.047933717892045591e+00 2.744166219622595104e+00
2.956457042389732531e-02 7.254450927166566920e-02 2.561773933788061175e+00 7.896039826196249223e+00
1.200116178765520542e-01 2.153494417999509691e-01 2.237535758644645600e+00 6.439707444826089144e+00
1.315070696825586805e-01 2.328724016793201068e-01 1.445445754256376725e-01 2.100981210389210041e-01
9.914289611969584470e-02 1.745906784949570745e-01 1.496902477132639464e-01 1.613239449421602356e-01
2.485341293561849629e-01 2.587549510675620223e-01 4.078348527577955185e-01 4.539383342822224110e-01
2.063754857965141576e-01 4.279476361041401056e-01 3.393047259388377590e-01 6.380482622152151562e-01
2.656470506456136249e+00 1.640875349464755661e+00 3.898488928968499412e+00 3.039887019903547927e+00
3.560593982437730620e+00 2.512374005672294075e+00 5.390973107342012405e+00 3.040400643897900768e+00
7.371401370725524371e-01 4.690594519915327609e-01 1.119240901577329250e+00 7.028219766285620507e-01
2.482091595487966540e+00 1.565810644196803825e+00 3.551691145306749231e+00 3.084156455063258306e+00
1.379140570839445079e+00 2.150944619412347159e+00 7.909421761010690943e-01 1.678567379934291282e+00
9.539896777934411265e-01 1.686152327382510085e+00 6.662592372825872911e-01 5.718616830022994479e-01
1.848700861093786618e-01 2.643118222246518823e-01 1.807531594356746318e-01 1.212793175164184750e-01
2.299109338174686101e+00 4.649096009700367738e+00 8.108142653970629166e-01 1.861061883647005644e+00
9.809962985990458018e-01 1.256419187206309074e+00 7.716321424207068791e-01 1.754506674990617743e+00
1.269919961985147783e+00 1.187615591362731760e+00 1.461082272490157319e+00 1.819739720965137142e+00
3.519287244718820040e-01 6.134983971891856402e-01 3.186560463182689373e-01 5.107937498843593271e-01
1.347846954465329317e+00 1.326726648444303436e+00 1.201601740313419597e+00 2.383724334478892537e+00
3.294698457618490561e+00 8.258720289147989391e+00 5.822219629926332907e-01 7.253907300140873815e-01
7.919573147554423986e-01 1.593760920788149349e+00 4.481727356646537097e-01 4.609107835006464593e-01
8.218326532125113104e-01 1.019058881772184622e+00 7.041703629898442562e-01 9.829849813865190189e-01
2.188188040799492029e+00 5.482792476601858311e+00 3.697016501359696172e-01 5.353131537138761109e-01
2.733433764714940928e+00 6.258122855874569623e+00 2.135747018958361387e+00 6.423670309791800648e+00
9.137423692166624090e-01 2.583379606002686124e+00 1.166701222502172453e+00 3.369031673795613635e+00
8.661082222464628888e-01 1.964343038122930318e+00 1.354527774267766826e+00 3.921158544110714406e+00
1.541333715609248589e+00 4.431238824414927002e+00 2.191225001715088716e+00 6.491581138837430487e+00
1.495913752963981880e+00 4.237326020434776908e+00 0.000000000000000000e+00 5.454431414279099777e-02
6.362778442151154623e-01 1.677493264357241998e+00 1.710740761406183141e-01 1.114743072302644689e-01
8.628178406775566245e-01 2.091474043295427965e+00 3.409660765814696015e-01 3.936972412833602553e-01
3.122672851304538089e+00 8.960266521657628047e+00 2.904951385712778444e-01 5.419652362421725211e-01
