3.503602300509768952e+00 1.310212803146348470e+00 2.309154955149253841e+00 1.951629233878954484e+00 1.301669462965047153e+00 4.037498941262936292e+00 5.388527757738610369e-01 1.070863277555813564e+00 1.153589037430616360e+00
2.844847383814406605e+00 9.307597425505117483e-01 1.666996465901704028e+00 1.393807016317887726e+00 1.083877062893310539e+00 3.241864484162980009e+00 4.175552182006506685e-01 8.780487445463898144e-01 8.322563533081318576e-01
1.352410733189314485e+00 5.410930243193093903e-01 8.839567394812118950e-01 7.642137735581828739e-01 4.068359425474953883e-01 1.509725929255117283e+00 2.187081198930528325e-01 4.514735334425185043e-01 5.007513104641061474e-01
2.425110091584283367e+00 7.607773431160781419e-01 1.411915479198888823e+00 1.173128392434756417e+00 9.288103684064805687e-01 2.868446924458423197e+00 3.612068976142334686e-01 7.099460384617219955e-01 6.883340360226282151e-01
5.248268558097762826e-01 3.940724415030165684e-01 2.262526180504983442e-01 4.954899025966257309e-01 4.488297924774492520e-01 7.355558870587848297e-01 1.728959446454831628e-01 4.339909158964178060e-01 2.873644228069751616e-01
2.246458363039925132e-01 2.921885051834257063e-01 2.475529985942143130e-01 3.698456459246934891e-01 2.239881272317588157e-01 3.077225950448870817e-01 1.363783480671378612e-01 2.861113908033675046e-01 2.393940376966570138e-01
7.476347661575948045e-02 8.859770442618211672e-02 7.023098626185064752e-02 1.465249422462509554e-01 1.608060392402556604e-01 1.700133622519778287e-01 6.518147136419538690e-02 1.297599876663395324e-01 6.097762667684783477e-02
2.520900269212199563e-01 6.145419038019539482e-01 1.729535933048388929e-01 6.384648482433579186e-01 5.339750965919011216e-01 5.181639908244373149e-01 2.462004425553689924e-01 6.171181396679776832e-01 4.111541379334433532e-01
9.856132131548172026e-01 1.456191706743007686e+00 8.255842696170732076e-01 1.469603021557148947e+00 1.702284744459515275e+00 1.809822491524240018e+00 8.376240987059728749e-01 3.067381729078379138e+00 6.900311799215034236e-01
5.725429177200310749e-01 9.360283601697131362e-01 8.116150216719728583e-01 9.743296906008945824e-01 7.433090045332615414e-01 9.330564124666216319e-01 5.854952017763846994e-01 1.893065757285586237e+00 5.247438276963216630e-01
4.872816742972193582e-01 4.232708848354851394e-01 4.955782777227216718e-01 5.276118808808919480e-01 6.090666662319501601e-01 4.680517043865699556e-01 3.940850315688517180e-01 1.189823250375332542e+00 2.660831322220813533e-01
6.271524138053701236e-01 1.029967439707498933e+00 6.792419641507934092e-01 1.020101685328160368e+00 1.011335120729734527e+00 1.085388637508595266e+00 6.804152903170876954e-01 2.180714440262008225e+00 5.759160331681434375e-01
8.896341532461581325e-01 5.119039878310650549e-01 1.951111820338409519e-01 6.031333455446743486e-01 9.923561943226222315e-01 1.311552168905596005e+00 3.490508403287366224e-01 1.273312149704685314e+00 2.830913052455784618e-01
3.963428042634526971e-01 3.369031428603500022e-01 5.529812858910809759e-01 4.991029503929668154e-01 4.576136454230050887e-01 4.462403190764677174e-01 1.792649732828054676e-01 4.646213634864932440e-01 1.631518259809743854e-01
1.188138756321793776e+00 1.822286747676428731e-01 1.958188891796656950e-01 3.256746959993008783e-01 7.835071117870570090e-01 1.456304455901356487e+00 2.023201842070760925e-01 7.050801434666510437e-01 7.750582262672697786e-02
2.405339085599488835e-01 3.272833033382402057e+00 1.826898281683135838e-01 4.476974235733866436e+00 3.812470049849483900e+00 8.996969357641390053e-01 1.334348027707374706e+00 9.388017566734468966e-01 2.045876562141417665e+00
6.782031276230309658e+00 2.523883411363852858e+00 8.469184286787834637e+00 4.531222088040765428e+00 4.498927422454087832e+00 4.149114433129922119e+00 4.086984406298440398e+00 9.950273945055585045e+00 2.600998959710028924e+00
1.211468005213863552e+00 6.167036589282490766e-01 2.727935007743554685e+00 1.382267123196970759e+00 3.679227892149181667e-01 1.095650831993209562e-01 6.515290981022427985e-01 1.624208861390343539e-01 9.027728354553157253e-01
5.635842935831955280e+00 1.283981112105606615e+00 8.029087741832373837e+00 3.444872267463568338e+00 2.307643621927502497e+00 1.702641666456872649e+00 2.282617146208544501e+00 3.102865167790063161e+00 1.955748632013234456e+00
2.475342536642886948e+00 1.447763333665508245e+00 3.551839286504952842e+00 2.538197540840319455e+00 1.848704411787563284e+00 1.198553597852365149e+00 1.880751590638880089e+00 3.339028962138866241e+00 1.650065340333640940e+00
1.490771784930694788e-01 4.850901491439892355e-01 3.847025279916341800e-01 7.662987270010367391e-01 3.989279811781740182e-01 1.910364878555482204e-01 3.573334250296579251e-01 2.275595607149895339e-01 4.840542343606895059e-01
1.330116255066740583e-01 1.428162120922513156e-01 3.212478295033283637e-01 2.632343240987750077e-01 7.241665817293514718e-02 1.628891333296740226e-02 1.280076322519484444e-01 2.527190567286358158e-02 1.599926445617759763e-01
2.426915507033175212e-01 2.419124789404246967e-01 3.215660470193778542e-01 3.645210052396932188e-01 1.582334731750837387e-01 1.671563142605926033e-01 1.473752309729755572e-01 1.325109860481760160e-01 2.496406554898626950e-01
2.289816080929724107e-01 7.070126146357705865e-01 7.250358254836470895e-01 9.540202454714690194e-01 4.444549893815126218e-01 1.291786296032955694e-01 4.281503844451771679e-01 3.889654627517948327e-01 6.614460820417262799e-01
6.393815673914803988e+00 3.861179984684416366e-01 1.897658398452765960e+00 1.253842693472728032e+00 2.639799192853973686e+00 8.032768567281527439e+00 3.660918066812713922e-01 1.696108277203973946e+00 6.328747501875957582e-01
5.996749735489168565e+00 8.135997018514209422e-01 2.389670879276355020e+00 1.585381842459640422e+00 2.138357517522783802e+00 7.653539461684891521e+00 3.455359565835456892e-01 1.267552553989354625e+00 1.002756856485194525e+00
1.904025131377213631e+00 4.972851279580156048e-01 1.048798347911252371e+00 7.998283029133310684e-01 7.180447866903999499e-01 2.352195987942891087e+00 1.822604624534290563e-01 4.780413522292987771e-01 4.879719786484479349e-01
5.564491917950695310e+00 1.923951141141237164e-01 1.989455734710708024e+00 9.873892674831663552e-01 2.151777815779150060e+00 6.798737615274175639e+00 2.193721121665219709e-01 8.571989012675130803e-01 5.549489656976046570e-01
6.616336820978506728e-01 2.070073095697343990e-01 2.071524917703055357e-01 3.237737381891866439e-01 4.381173650545437948e-01 8.043482652613994643e-01 6.979372710013258263e-02 1.654248985080027379e-01 1.399789281871893776e-01
6.742731223300343357e-01 2.958781213325510917e-01 3.753170999400994856e-01 3.353337113929632518e-01 3.230226641925845188e-01 7.597060653066214364e-01 1.219558257735782469e-01 4.468093101116341614e-01 1.741697627742315457e-01
3.271228729546938330e-01 4.872700194157503217e-02 9.132621447116505420e-02 7.267547152610440153e-02 1.663354476782319957e-01 3.809489285851552220e-01 2.688893123767776422e-02 1.954771028113442832e-01 5.309557625738418191e-02
6.501577741952395684e-01 4.686370138080606651e-01 3.199740019656408530e-01 6.156059772523256868e-01 6.790531719905134045e-01 8.529385681310148737e-01 2.375152945085775014e-01 5.514490327250269885e-01 3.022211368519477914e-01
1.555397893134351950e+00 1.242163888430958263e+00 4.691062780146992850e-01 8.305835885679506703e-01 2.110015151567952607e+00 2.773445174971487237e+00 8.249432201085346028e-01 5.016830124936824120e+00 1.086192136364284994e-01
1.858704062602106744e+00 8.734628625779373712e-01 7.120070903742488078e-01 7.814473601629134958e-01 1.786682838965102604e+00 2.523270294426853688e+00 1.026240966159161161e+00 4.531035137012398906e+00 2.263516225944222360e-01
3.276688462345112574e-01 9.997960367735336806e-01 5.813879106297383803e-01 1.105618107438725684e+00 9.198014969298157206e-01 7.739639116064902513e-01 5.763459372460362218e-01 1.486276859625013991e+00 6.315263328998342862e-01
1.794510366917270172e+00 1.505036887929965150e+00 4.158477382532016486e-01 7.903371605939546463e-01 2.483843128470040629e+00 3.472148117581496773e+00 8.981329000071103241e-01 6.380074787203284359e+00 3.802139799850063479e-02
1.218552734390409897e+00 1.229008377537946506e-01 2.059337461230312805e-01 3.843122525383920185e-01 1.073507582466129318e+00 1.782616019939710084e+00 1.791811138019958061e-01 4.276584991524288171e-01 1.130588969423318990e-01
1.105964015737834760e+00 1.365601404970396004e-01 3.044073208857281942e-01 3.310136375905257111e-01 6.329624306596312033e-01 1.330206373600402392e+00 1.041967293964463637e-01 2.445189777167355583e-01 1.322829402900138340e-01
2.679564520613349377e+00 1.074469255695881392e-01 5.136565652994300457e-01 4.393225522692042473e-01 1.539939085060863633e+00 3.574421124519397530e+00 1.768826786431057230e-01 6.541030776058902596e-01 1.385675100096586121e-01
8.490812348030469803e-01 6.000700360720311322e-01 3.397935928002688288e-01 8.245974775276865287e-01 9.993302918799447099e-01 1.341811513736018036e+00 3.214018899195890677e-01 8.046941369260489640e-01 3.743040721879384858e-01
3.772519732359869593e+00 1.105405108643760625e+00 5.221549134140619941e+00 2.676848409452581290e+00 1.807094822553828140e+00 1.511326736395371295e+00 1.871308120728514490e+00 2.773006392378049689e+00 1.659283626035197301e+00
1.420381738121018200e+00 5.879541086343386125e-01 3.274310378357570883e+00 1.458312753344986223e+00 3.165668081859107641e-01 2.209460017950553301e-01 7.130634631902132980e-01 4.713453690261644458e-02 1.003687630866985092e+00
4.128386698368055718e+00 1.122550315831545742e+00 8.400535639014012901e+00 3.240521588695805200e+00 9.118837754586250899e-01 5.894934484158069754e-01 1.453880696537762640e+00 3.035906653070424288e-01 1.968423647990782177e+00
3.107262233252510164e+00 9.271217549011897541e-01 5.769316373146233801e+00 2.572660329161187143e+00 7.673505842737824434e-01 4.477819140351017024e-01 1.428655906416102184e+00 6.973051141832591338e-01 1.726209877179474717e+00
1.128524199694477675e-01 2.614194229035335937e-01 2.224639660770219018e-01 3.532524065911975542e-01 2.349307815910827713e-01 1.357002489903775810e-01 1.193854383622486304e-01 7.303883222247001261e-02 1.668603870635640973e-01
2.686372047833680554e-01 1.440317785256908789e-01 5.908576147842101722e-01 3.060818403163747536e-01 1.204712791215645507e-01 3.570380533937326378e-02 1.555905651748113461e-01 1.120030251455932796e-02 1.933187394157124817e-01
5.243259941826552417e-01 1.929305286744052994e-01 6.933609047756710275e-01 5.121461208061111048e-01 2.004648378365419537e-01 4.026732358794187228e-01 3.262608588409089960e-01 2.327907918250642361e-01 4.222351397505378356e-01
4.830452734811002125e-01 6.907179712804447647e-01 1.144029614583464971e+00 1.045861752418565827e+00 4.649154983489539039e-01 5.393317544888991816e-02 2.812154981487256511e-01 0.000000000000000000e+00 4.768135412704271325e-01
2.591774271633979776e+00 2.708683687142757091e+00 3.626950997269289267e+00 3.330179760749715889e+00 6.459314786216789894e-01 2.711905675392650039e+00 8.961156425406764381e-01 9.751708596316255306e-01 2.135300207710040254e+00
2.467207837424540529e+00 5.599726785658891259e+00 7.200595002750483253e+00 6.671614515952513536e+00 9.623782227086234362e-03 2.496003209694400482e+00 1.788192366046152726e+00 7.696235676543561333e-01 4.512622618179561229e+00
1.078871461318106073e+00 2.926212488706132042e+00 3.712961485320913635e+00 3.439639328595972323e+00 4.374032807453128585e-03 1.084582731119326571e+00 8.994627931594316728e-01 4.548452309413427708e-01 2.319398366231316899e+00
1.623494931828123322e+00 2.408010874655683864e+00 3.180925703751679379e+00 2.888584606888584538e+00 3.279123933099334920e-01 1.754493579065129261e+00 8.194148074579810093e-01 8.251731187327790984e-01 1.892182537036231071e+00
4.661068099094509143e-01 2.094705132604611220e-01 2.217505205705316840e-01 3.007806611125381502e-01 3.459623573549931441e-01 5.805636101312752206e-01 8.180361178946969625e-02 2.217468548997586775e-01 1.668255759995891929e-01
4.864329006157620539e-01 3.387539534994168378e-01 4.055788477534857384e-01 4.568540956650313234e-01 2.831492954190810707e-01 5.828508821822824260e-01 1.406893827813164022e-01 2.852218916997468212e-01 2.930085957241672645e-01
2.821599625656477928e-01 1.420508096439377921e-01 1.941098236546266176e-01 2.037478582801535709e-01 1.116254591731914714e-01 3.340151531891577541e-01 4.985695057799465618e-02 7.109841723144223746e-02 1.134260529131658202e-01
1.765536264144507428e-01 2.724746851349046928e-01 2.331718040638800782e-01 4.486808063521189882e-01 3.520100613058904093e-01 3.215484296429397815e-01 1.550889679136105426e-01 2.068021539317638491e-01 1.838260919103940905e-01
3.159841988038515903e-01 1.933416031144807867e+00 1.936730934102532053e+00 2.079344423404384745e+00 4.953221510193700494e-01 6.828504440415434917e-01 7.725250171146325062e-01 1.988127462555229208e+00 1.248410139319259038e+00
4.835059799353459975e-01 2.746716450314450331e+00 2.802314791354576062e+00 3.094511492950323905e+00 5.601460954888304311e-01 6.367197846487858692e-01 1.141724486453158161e+00 1.856420489726413159e+00 2.092625109808752271e+00
1.523560186964030283e-01 1.740390456130356478e+00 1.548408634693547503e+00 2.694908771596495001e+00 7.250135863345434917e-01 2.282409750519479030e-01 1.506859725917168324e+00 6.242233657687024095e-01 2.132352758937944515e+00
6.286016491248308524e-01 1.750944496789824001e+00 1.433758760212081818e+00 1.870399206167553618e+00 9.918068632374523741e-01 9.319251236999761545e-01 8.891321693450964236e-01 2.187965166751022039e+00 1.178267264577039786e+00
8.651324000100627520e-01 1.381918956271374899e-01 1.831747350202930780e-01 2.635374323278287245e-01 6.289115760789962817e-01 1.110306007008638129e+00 1.785566505500373324e-01 5.735951588163580306e-01 1.020258650325966687e-01
4.046015985661413072e-01 2.157425040549909578e-01 2.574492153178059572e-01 2.892378665696194728e-01 1.773719904017584115e-01 3.806212213757572682e-01 9.594193395312913819e-02 2.692683066335254671e-01 1.707125535736493949e-01
1.164408353747717895e+00 1.205223016809011394e-01 2.669509151160981975e-01 2.013227154088903792e-01 6.031241070353793310e-01 1.458352249978400739e+00 1.114639605031382680e-01 6.787503944688930702e-01 6.304995763412052368e-02
5.609719220820216234e-01 3.113702857544933256e-01 1.453871689779809850e-01 3.789497207083710184e-01 5.363518321431157698e-01 7.070498274914038817e-01 1.419070710206197239e-01 4.193173406334330666e-01 2.112044423980707353e-01
5.414075009024609031e+00 1.145492568402723510e+00 8.735665815692309266e+00 3.497512742878327696e+00 1.560748777357110040e+00 9.123689429171331078e-01 2.063219051987208008e+00 1.774393340317332646e+00 1.979426087634762244e+00
1.163258932643087995e+00 6.125463008952427568e-01 2.802053019545980739e+00 1.189535371353910076e+00 1.878920733889391792e-01 5.556175833630716543e-02 4.387485825734634970e-01 0.000000000000000000e+00 6.691353176243570733e-01
3.438757264553420789e+00 7.308966889731760563e-01 7.809275115537704259e+00 2.737436066100892962e+00 5.677690821759322493e-01 1.248467067287277327e-01 1.103905429313666087e+00 0.000000000000000000e+00 1.330918712486083288e+00
2.800182520679002529e+00 8.521598089329099901e-01 5.769433562466406151e+00 2.303774826480175619e+00 4.998358907135304618e-01 2.421718805034894784e-01 1.314812903715494752e+00 7.106205576995396900e-01 1.508335769262242998e+00
1.361937470191470489e-01 1.828230505975027564e-01 1.955098924165360463e-01 2.248671846302444099e-01 1.279004081818283789e-01 7.256072685138632850e-02 5.165150667468315637e-02 1.748757513880804318e-02 1.578681778386222534e-01
7.289823661529164223e-02 1.573038091426767204e-01 2.101961694331690722e-01 2.084542641833666832e-01 4.480379153401687492e-02 3.095192006235236021e-02 6.169913704416352118e-02 1.527946220314996446e-02 1.480358967476651799e-01
2.832349670355167603e-01 1.735744024249198381e-01 4.654088832681414489e-01 3.050396244068029894e-01 1.350066266789948510e-01 2.680938818078137942e-01 1.267274702323965829e-01 2.104789612492430351e-01 1.843131631513368340e-01
3.369653630724607773e-01 2.024480161699460656e-01 8.424735768145827919e-01 4.502109319234462448e-01 1.612024073815977454e-01 9.830486673293049177e-03 2.207497789729994109e-01 0.000000000000000000e+00 2.299528133655932838e-01
3.383895935952136558e+00 1.093356756018280418e+00 1.901410919758236062e+00 1.666591567047290834e+00 1.459358143895809423e+00 4.025302359912864780e+00 6.355886062075195575e-01 1.651696379369581358e+00 9.482837499101246514e-01
3.809147579357699875e+00 1.958760916348226910e+00 3.130331441970269690e+00 2.720218841915650110e+00 1.323733936240497400e+00 4.393137050814455158e+00 7.758423448101248177e-01 1.268307164138703591e+00 1.692566599608362976e+00
8.179640301905201083e-01 3.378308467196217135e-01 6.153082128538993611e-01 5.280017890724074681e-01 3.108843219786754375e-01 1.019385706441241712e+00 1.365401745649466592e-01 2.757692860783467759e-01 3.226035088011873220e-01
3.665716414506701604e+00 8.633206536880334570e-01 1.597152621351138890e+00 1.470877828840266410e+00 1.639215480071942732e+00 4.111645633190510907e+00 4.567944401969163404e-01 1.292820534476126104e+00 7.087358522745690337e-01
1.095702870361330156e-01 1.555953481454067644e+00 2.843452195992843268e-01 1.507695079475101396e+00 1.744905529846040970e+00 1.251885502424589180e+00 7.250748888042720663e-01 2.899691743934169175e+00 5.758668237166457704e-01
3.512610846859540725e-01 9.264927048265431120e-01 3.444374705883402332e-01 1.180909352255908207e+00 8.653694689199924461e-01 7.038125545596592980e-01 3.629597032857699856e-01 5.969021327154317991e-01 6.155595791575427800e-01
1.084813715032263703e-01 1.151774118753014775e-01 9.648085064221093021e-02 1.973552602026968361e-01 1.213694446310141228e-01 1.909071670843601742e-01 7.642278977535886531e-02 6.566096533606409491e-02 1.051971611730023737e-01
7.167842768847712542e-02 2.853230577025713366e+00 2.560641067169770468e-01 3.081897181103869343e+00 2.908439171929159350e+00 1.417614560376072808e+00 1.141384640505361592e+00 3.328817829396077954e+00 1.434607820996845140e+00
4.682320448304115312e-01 9.910243556893374439e-01 2.911390259304657002e-01 1.056734529135199718e+00 1.365878282413203193e+00 1.160700425167693783e+00 7.296111531044937593e-01 2.248934318326943682e+00 5.391937737647705120e-01
8.657389841466920366e-01 1.170197520014434112e+00 8.473826414562046772e-01 1.188685548411406057e+00 1.129936760550957375e+00 1.329019445904755958e+00 6.667115103502887496e-01 2.289490227285615020e+00 6.165165712641216267e-01
1.556258577662829601e-01 4.671690430698743901e-01 3.312146167817833220e-01 5.291491879628149597e-01 2.334410095360951731e-01 1.755419681991788050e-01 2.704040101188305290e-01 5.216642316996320528e-01 4.154287875948181052e-01
7.506542111106457860e-01 1.185748654791580314e+00 3.915272368104159018e-01 1.106329999694220412e+00 1.743932380483448563e+00 1.799274805384556863e+00 8.046489875266148450e-01 3.390604334758722693e+00 4.099745143686708837e-01
4.205830429247507385e-01 3.541257245253487618e+00 1.856512291477753762e-01 5.211518201087293356e+00 4.462387232670825377e+00 1.300663509352288916e+00 1.525641214731119355e+00 7.603979772840603335e-01 2.292696628487699506e+00
2.819854283635717662e-01 8.036190007952790371e-01 2.676284876106036492e-01 1.097917770755318934e+00 8.903196607542407381e-01 5.076858390893428385e-01 3.338583556651132378e-01 3.498764325475891557e-01 5.771004295930117767e-01
6.677606648502941722e-01 5.185170685494970844e-01 1.170390527973358408e-01 6.298437915932535436e-01 8.886121258439796389e-01 1.215730871560281923e+00 3.222804295352026394e-01 9.255388665982196006e-01 3.276762724836536633e-01
2.879995689393259894e-01 2.388957742171078369e+00 9.831253937799566689e-02 3.419429108478545309e+00 2.918248561706130673e+00 8.815031690401780029e-01 1.064355330579900283e+00 6.095333757997294377e-01 1.600219411066732489e+00
1.853139212648845069e+00 4.135765771799507107e+00 3.590980660551168047e+00 5.466924528281465356e+00 4.171026011866848293e+00 1.594583557945196350e+00 2.619894860857546526e+00 4.068321548614974859e+00 3.244866052707950477e+00
1.281334673970415450e+00 1.583735483232695973e+00 3.184960884880473131e+00 2.861633154639051213e+00 1.210349654939380404e+00 7.890175128695899043e-02 1.106756715912148969e+00 1.756239096938060767e-02 1.839884876279019421e+00
1.682212951658486944e+00 1.388486419758683477e+00 2.901365463464463001e+00 2.484802480827240423e+00 1.493443925959724083e+00 5.873842671998135145e-01 1.266169747086437036e+00 9.605561271610673080e-01 1.607679494499798079e+00
2.261979122228705119e+00 3.017020520835365538e+00 5.422939329729727476e+00 5.001974547182506114e+00 2.339418803185880247e+00 4.224168799077698822e-01 2.182293243597452026e+00 8.958842184247028939e-01 3.383837734896609106e+00
4.758080519966945837e-02 1.776496405173982218e+00 8.147955781460636260e-02 2.686370042236653433e+00 2.193019157360628579e+00 1.324637855283074539e-01 7.355092476152341741e-01 1.111224393955266843e-01 1.133701383204254176e+00
8.822416886183653828e-02 7.426124426669475920e-01 2.684503950577015186e-01 1.136251851424751047e+00 6.754328117845094237e-01 2.256645647080701700e-02 3.695309371517373487e-01 7.680580091914528292e-03 6.123221160860647938e-01
2.321606378787103298e-01 9.725644054620392609e-01 3.395395898493172027e-01 1.424167822858266375e+00 9.249014717027809196e-01 3.126616735014455251e-01 5.137878560704023378e-01 1.434234980634853385e-01 8.067731165716577335e-01
4.399487845706104294e-01 3.606392723083876817e+00 8.236065838990713761e-01 5.742671010687725897e+00 3.847480659971919348e+00 9.799468497153401847e-02 1.944346132525999638e+00 6.152015057904168527e-02 3.000598365836896875e+00
