2.382448057105180705e+00 4.187177528003981131e+00 1.780589709562609146e-02 3.840281655700755054e-02 1.269428085172047194e+00 4.146688035879595446e+00 6.512679807995200854e-01 3.451436819543449275e+00 1.157334977376887203e-01 7.192464832746700010e-01
1.654664119090739849e+00 2.904745528059647697e+00 1.612145054058704719e-03 2.062954759504033540e-03 1.017794850502968584e+00 3.267975740181508826e+00 5.149644145940435180e-01 2.694246605818806817e+00 9.012874751704580412e-02 6.301779225766295234e-01
8.422213999952188335e-01 1.813604634809827143e+00 4.382268582788676294e-04 5.410024059018014704e-06 4.355104588187707071e-01 1.528218218602601208e+00 3.168165797877101619e-01 1.291687449346188954e+00 2.195935464114091851e-02 2.903280349583380326e-01
1.271694148259707502e+00 2.006411243232310682e+00 1.069511753151422204e-02 1.734640715084986504e-02 9.036790609273861463e-01 2.833737761405481947e+00 4.203290225176685713e-01 2.481408722371861497e+00 8.496832753963821927e-02 5.222193861260897574e-01
1.582395108990463373e-01 2.033100532560079277e-01 1.639650633589380055e-02 5.038886574195919899e-01 3.456729310553819379e-01 5.779463364568251382e-01 1.222346786858234113e-01 5.768443892448376076e-01 8.840933515923327102e-02 3.351201255329699924e-01
1.828003688866566556e-01 3.271049510684421735e-01 3.023378567211070997e-02 3.232296325179195851e-01 1.439827220216470249e-01 2.796752512845537275e-01 1.131467265300585001e-01 3.128738715949075933e-01 4.612169113709715940e-02 1.929883863828216750e-01
1.696407181536747077e-01 3.400598059627150949e-02 5.601705060746951098e-03 1.179176967146725596e-01 9.667175591938867441e-02 1.285582543008310930e-01 5.871172594204052131e-02 1.107746683840017260e-01 2.367441184420478878e-02 8.034463205052140566e-02
1.182294216178201435e-01 1.132951888083680997e-01 2.283197896477083197e-02 8.967707161684654871e-01 2.804505992562846273e-01 3.261281355535431969e-01 2.028392956612722065e-01 3.271142924707588495e-01 1.687553861549843381e-01 4.701540716468322056e-01
5.360162458834221155e-01 4.421463280888082714e-01 2.127140536320738518e-01 4.701098167842449049e-01 1.139193110297201050e+00 1.210148687973566339e+00 1.368685303358374572e+00 7.987808545802389526e-01 6.360210954552461549e-02 2.191988092480258832e+00
6.081684696999306583e-01 1.150339334169463434e+00 2.304067203214818504e-01 8.877344118797333983e-02 5.174943449593930600e-01 6.163887912049073048e-01 9.118707968192961699e-01 4.413372133434339539e-01 5.341766126713447943e-02 1.171318674609573396e+00
7.963454892871181245e-01 2.626778525338283737e-02 4.268790396620315564e-01 1.954556183424802640e-01 3.937632343267472024e-01 9.575628061925811618e-02 3.894885593366841370e-01 1.554973934653664652e-02 7.641570131461157545e-02 8.414246333530259747e-01
5.368294071687160773e-01 7.265639821571323598e-01 2.058422459304888874e-01 2.700755968746313407e-01 7.179945538656080650e-01 6.965584270703603087e-01 9.805230694548865422e-01 3.935135933877791370e-01 7.625476161766710226e-02 1.482947579213668154e+00
4.501097665287182720e-02 9.487422727683017531e-02 6.343445289399393672e-02 3.777219267896918531e-01 7.245758454353554701e-01 7.545417268220517837e-01 3.933186266778703755e-01 5.853331529825889223e-01 2.757674359866397751e-01 1.091846120770235462e+00
2.320564108246041257e-01 9.913026647276060310e-02 1.825685692620536149e-01 1.734093392419257529e-01 2.941047421446955079e-01 3.326139614662153021e-01 1.737453376099599711e-01 2.961009001105796012e-01 3.451561447884759493e-01 4.146141865648954594e-01
1.104254208730390263e-01 1.404584297942644833e-01 1.993412086993170962e-02 7.105238856992046603e-02 6.434278202366836563e-01 1.056616676663468590e+00 2.470966677117217292e-01 7.799815830099086078e-01 1.372232895395730790e-01 6.274294726170366321e-01
1.493575308764750753e-01 2.577917508921868661e-01 1.094787558215774836e-01 9.249225439634074064e+00 5.897342727985473987e-01 3.141183231473306803e-01 2.798914578389499752e-01 2.537712608153283034e-01 5.302476274547504032e-01 1.172106657978774669e+00
1.290692173978923840e+01 3.998072657961352916e-01 7.577905841219979344e+00 5.324543042350325939e-01 3.157715436835394573e+00 9.022831927498836668e-01 3.138546811981229645e+00 2.409982902678987071e-01 5.134705653575254436e-01 5.818236170538829910e+00
2.060120671077724452e+00 4.909368353895030568e-01 1.894891130412283964e+00 2.441998990302201578e-01 4.175347915779346608e-01 2.052361240942226703e-02 1.277565006815504500e-01 4.423585300754139665e-02 1.319424578995213704e+00 1.359800692827364543e-01
1.021819680014530363e+01 5.564084095081028858e-02 6.678850489199682272e+00 1.128988354441705921e-01 1.712690621889683129e+00 2.336018158164814007e-01 1.056412017903035627e+00 3.359968850797351303e-01 1.363584647876243228e+00 1.974159271533791671e+00
4.882536998830745212e+00 7.996867887753218718e-02 3.376338490301413309e+00 1.642457479014244326e+00 1.323768678212305039e+00 1.351447350500582789e-01 1.003430595745365084e+00 1.158821564768852397e-01 6.023261809886801821e-01 2.011102201274477252e+00
3.419376701872661739e-01 3.643483934208561759e-01 1.389520802638743446e-01 7.319848289435473276e-01 1.275835832633782363e-01 1.135823629970891535e-01 1.243883093310947652e-01 1.547753314025472615e-01 3.108434252251781049e-01 2.735991220849373073e-01
1.724374016039078028e-01 1.165535407981795335e-01 1.620915019606312679e-01 1.337430229550942151e-01 5.165994599186286840e-02 3.523606291837813598e-02 3.328444360967006133e-02 6.140672914203641752e-02 2.469971326221128971e-01 2.088082499206177223e-02
3.477380978239636433e-01 2.358838609465219172e-01 1.881683818580267842e-01 2.703876567515791085e-01 1.110158450794569984e-01 1.654657629956389764e-01 5.032161456470452682e-02 1.488856791183550410e-01 1.275513713678992078e-01 8.287818728264667589e-02
6.490987347050981571e-01 3.790607859008737757e-01 4.080659304880239757e-01 6.992514156585234453e-01 1.507635493788863634e-01 1.528530043509192526e-01 2.572503672966175992e-01 1.519867657199909794e-01 3.753638892608381350e-01 3.122303868698305673e-01
1.955590798626510196e+00 1.606450783528694082e+00 3.133794334182522789e-02 3.404774474326945771e-02 2.625844328748271117e+00 6.937348273422058398e+00 3.634973322198846724e-01 5.814525895428245050e+00 1.828057363808799907e-01 1.250797329985709361e+00
2.351074159350212689e+00 2.224508841795457492e+00 4.357056232828723091e-02 3.382261762383891545e-05 2.380518909364576885e+00 7.080292791069650704e+00 2.256514756228169272e-01 6.220972895508797507e+00 1.572478627314045363e-01 8.191748215122709453e-01
9.879971196475109130e-01 1.312786961362836680e+00 3.521505292391282054e-03 3.552092859139929955e-03 7.200797179712209450e-01 2.262080669717247972e+00 2.379284078776567057e-01 2.043047716614389220e+00 3.969518385838536473e-02 3.288335981912149375e-01
1.533351230577277402e+00 1.379961263505311786e+00 3.557184513577440477e-01 9.000010732064536939e-04 2.268967316790400091e+00 5.818595011459418487e+00 9.168925150126194801e-02 4.702038042055402656e+00 7.689243696940691875e-01 7.909854129344122686e-01
1.733476789201947865e-01 1.288780823027480538e-01 2.588352781922019508e-02 1.437478262546978691e-01 3.583570559149658608e-01 6.187369629417258654e-01 8.023020948055112345e-02 6.173631077444112769e-01 3.359441518877086252e-02 2.257776253817081191e-01
2.118854065765489458e-01 3.428256038866969169e-01 1.508857301011830299e-02 3.371947932990413538e-02 3.063819906795665626e-01 7.108577477034407899e-01 2.124049726667250615e-01 6.013789586349381766e-01 5.466138556894110934e-02 3.314382800306366339e-01
6.567216093098006413e-02 1.023148049420386507e-01 1.367877852866767208e-03 1.299726046582457689e-02 1.578086176565473286e-01 3.484399394684767337e-01 3.824473328816188622e-02 2.185410497707996613e-01 2.091858766140579362e-02 1.464479120449270755e-01
2.185247118915417119e-01 1.503599561966595943e-01 1.531412911612907435e-02 3.261894405009046483e-01 4.408119656803219377e-01 6.884049372925711285e-01 2.816949635347877345e-01 5.988682990764986336e-01 1.258047929064944337e-01 5.735835286134065569e-01
5.414858176855371630e-01 3.823763477600764515e-01 1.525868347546793236e-01 3.071720901725659703e-01 1.497040263709193297e+00 1.389554045026885731e+00 1.596509051616210151e+00 6.077733507614514474e-01 1.168244338213717155e-02 3.091794643485364702e+00
6.343069159961816084e-01 7.848999848078231922e-01 2.792462563058907832e-01 3.687852635167160331e-03 1.177901655496223610e+00 1.322858205481663996e+00 1.650700562384947556e+00 6.349548710506961458e-01 3.707447648306052071e-03 2.676912060261690041e+00
2.744752412196045377e-01 2.607104525033847042e-01 2.077301015676995544e-01 8.034958285390352284e-01 5.049523093784126226e-01 5.190720700332518422e-01 6.425597897097929945e-01 3.827061369996045959e-01 2.987402884380323531e-01 1.119804593700857831e+00
6.332629965658769233e-01 3.940748766715657658e-01 1.538849884099353638e-01 3.406490532304338736e-01 1.847825472338790131e+00 1.633510675299249426e+00 1.883744074600181229e+00 6.759602605223404836e-01 3.866925489956897499e-02 3.816674297069678090e+00
3.311441857875430800e-02 1.167920009561458639e-01 4.508097542224960563e-02 1.831989225573330549e-01 7.385777665473478582e-01 1.199599357119495835e+00 1.666258061944437263e-01 8.992685353659319869e-01 1.194731844367421664e-01 6.691289862446252457e-01
1.669245323227714350e-01 1.858439211431003879e-01 6.537293438851438099e-02 2.998251304138024181e-02 5.778212164838634202e-01 1.009755188270681225e+00 8.667204904600465942e-02 7.752099898602606842e-01 2.443194285702239565e-01 3.986950233040835734e-01
5.617090675871223571e-01 3.463145383574568470e-01 2.663631451009657036e-02 1.318237336211521005e-02 1.261275253666997331e+00 2.704725028522028119e+00 2.451000393864782301e-01 2.063029078597308441e+00 2.373120811918411066e-01 8.125556249751054727e-01
2.720823613957653042e-01 2.806996212934952939e-01 9.505667013811306895e-03 7.942266544605903755e-01 6.426719421215989492e-01 1.025816625482217415e+00 2.524046616680860611e-01 8.897164944953627197e-01 1.683564184700390709e-01 6.896011067505556369e-01
6.584257092339601769e+00 1.349883727767705599e-01 4.467375916964842375e+00 1.090358043958177120e-01 1.530722848442936712e+00 3.636445776748651326e-01 9.547855679180274890e-01 3.007832128899981528e-01 1.223671704538425997e+00 1.809917771025787214e+00
1.702757779941238114e+00 5.156912341866446425e-01 2.160546414142132665e+00 1.399957767509254769e-01 5.529674726888699210e-01 5.503846675536470945e-02 9.872572421152100985e-02 1.654086580288477437e-01 1.931109303705955460e+00 7.725627519443814539e-02
6.149731400860021679e+00 9.385253655280280105e-01 5.837311424259640447e+00 5.270901059301439512e-02 1.123493942687872504e+00 1.376428952965788599e-01 2.425783131003022286e-01 4.207204832965946162e-01 3.516727968002134830e+00 2.380270468651150828e-01
5.974632243440335166e+00 7.424453784820785884e-01 4.324120838576940073e+00 1.366830838012527971e-01 9.320145402771469190e-01 1.177532055949650491e-01 2.670667029816070071e-01 2.001727079692453004e-01 1.823418750053394710e+00 4.043250742520663743e-01
1.124077610294480917e-01 1.608584160103212479e-01 1.026491565970095304e-01 3.984578461272900718e-01 7.045484766987666903e-02 1.012239466298812951e-01 5.676975224976067713e-02 1.015865565671408843e-01 1.345648366121621753e-01 8.858379794499472715e-02
2.607909233036981300e-01 2.594251243585311562e-01 3.353608480973343520e-01 1.678889365200813832e-01 8.581283080534807262e-02 7.370792176796284352e-03 2.437478439597033988e-02 2.663063505660294428e-02 3.964600956148884858e-01 1.131575111394615696e-02
5.749591622465070051e-01 2.334117225520747907e-01 3.632545888846600013e-01 9.931954672071628687e-02 2.517733911573166727e-01 3.279045105693306761e-01 9.373097791783867316e-02 3.565354269042627089e-01 3.471239833661446950e-01 2.120380230122861365e-01
3.768852102558777339e-01 6.068682515056168514e-01 4.006598635168371336e-01 8.246658041642680459e-01 1.821322233211565278e-01 1.162653363449226429e-01 3.766822775755320624e-02 1.965340910394760277e-01 9.363133809205070879e-01 1.228470911839080193e-01
4.528126431398705520e+00 1.042639127248609654e+01 7.316493112509020198e-04 1.901173482503573653e-01 6.358595567225343581e-01 3.135324809900855048e+00 1.070420951122561748e+00 2.760072124749767930e+00 6.480747479223232521e-02 5.940480425601021297e-01
9.067074382736906912e+00 2.243269341591307864e+01 1.879818985973352730e-02 3.216839257119851001e-03 9.496273716967527923e-02 3.816511289128028395e+00 2.048708808882149235e+00 3.697094590076428933e+00 3.206053124503658452e-02 2.080817564984500934e-01
4.498333935409400297e+00 1.128670465002411305e+01 4.618479037333323919e-03 0.000000000000000000e+00 1.025112481785115347e-02 1.864727846061220440e+00 1.112163983164004444e+00 1.781037008050218473e+00 0.000000000000000000e+00 1.469924543797554439e-01
3.962017206858345908e+00 9.250633373922369174e+00 3.188572589960509546e-02 1.146754340439656156e-01 3.150088558002671624e-01 2.095039465702936532e+00 9.959493830776635637e-01 2.016231158928809108e+00 6.197282960951054631e-02 4.265886665214834728e-01
1.640884296312958013e-01 1.396009498838874929e-01 1.637873329492790797e-02 1.226117002474633733e-01 2.663221938671987976e-01 4.810976607024610718e-01 9.829801687741099303e-02 4.365503058807425063e-01 7.342376118353638459e-02 2.358672708791959005e-01
3.483371393395338633e-01 5.344535530515523991e-01 2.817337738521635132e-02 1.848078970059536807e-01 2.620075006576335630e-01 5.484270172038658853e-01 1.304474992513942611e-01 5.539549328743287315e-01 1.015328513114265030e-01 2.038755806472190568e-01
2.111609150803497592e-01 4.150601295202073215e-01 5.194729246958096694e-03 0.000000000000000000e+00 1.002454243273162848e-01 3.022714507118255400e-01 7.951643683135446727e-02 2.821369239496407944e-01 1.879557146645515972e-02 7.206061077644754231e-02
2.291902968485323155e-01 3.587118866348896762e-01 2.268359831231801793e-02 4.278549333641850083e-01 1.289925226485597043e-01 2.745281849378045647e-01 9.153959313354853577e-02 2.987927237975567807e-01 3.931143584931565127e-02 1.733386712938548291e-01
1.685095427728984241e+00 3.911507848249985209e+00 1.203952224265838061e-01 1.874383089752192366e-01 3.292845320314076174e-01 9.784234993199809605e-01 1.193675724804429628e+00 7.785347930561481444e-01 2.331759065549385002e-01 1.161490179899958619e+00
2.575677902052027513e+00 5.594824584855421001e+00 3.159398113631121108e-01 3.717055271235221170e-01 2.243138411899633922e-01 1.374250690664432284e+00 1.492385280079716603e+00 1.107427733107516854e+00 3.947901461989866689e-01 1.248982011032628847e+00
4.102812702620476926e-01 1.947462840808602325e+00 5.019168788088405053e-01 1.525281614574758970e+00 9.020400953040969005e-02 8.680644345749767288e-01 1.107454874586874416e+00 7.653209862575807154e-01 8.264576172860345071e-01 5.344222747557260123e-01
1.358007808128127492e+00 2.331205773653576507e+00 3.722656248081335773e-01 4.339037852504743498e-01 6.077587307985565790e-01 6.742939941025869466e-01 1.209977054588202261e+00 6.407334141029922270e-01 1.465511726924753344e-01 1.583828777320531511e+00
1.090500753557758773e-01 1.032342412139621857e-01 2.847827001956358683e-02 2.157174232537351771e-02 4.965051235593599954e-01 7.738952410717025998e-01 1.951980073733577403e-01 5.897991716942487805e-01 1.528994398652318565e-01 5.284617767378380071e-01
9.233771601680713925e-02 1.483292295459329724e-01 5.343107556211174058e-02 1.194665413284074357e-01 2.195341549506348300e-01 3.748564171738543171e-01 8.988141212578276695e-02 3.057538666265223748e-01 1.849917520339739441e-01 1.816801741793057090e-01
2.026201117192417134e-01 2.085906779577439696e-01 2.605480443031999924e-02 2.328893347822219226e-03 5.647768447469163622e-01 1.153777234871283142e+00 1.894951078683869139e-01 8.213509643932218607e-01 1.209069594853291324e-01 4.804437663375092926e-01
8.225434586128113623e-02 1.128805154069685290e-01 3.732251334901705991e-02 3.202366388948249543e-01 3.581803141543593583e-01 4.405379518008637474e-01 1.612210543970254151e-01 3.687648904300716568e-01 1.576018661216792016e-01 4.453791013475940641e-01
1.031556077372193059e+01 5.933526342935231401e-01 7.108721819728285318e+00 1.607923366975432325e-02 1.346473594428316378e+00 9.723605712928101719e-02 6.946672167129622766e-01 2.247069476802236454e-01 1.755433310039812067e+00 9.105283082109255632e-01
1.238448197911848903e+00 8.777298036901464151e-01 1.683016096006341389e+00 5.915528750095137150e-02 4.239351399019703481e-01 3.901623398142207988e-02 9.955798809581335729e-02 6.291417709548052795e-02 1.660047346919757860e+00 5.154149234812850644e-02
3.888665093851582988e+00 6.179226897788574480e-01 5.056460099227062521e+00 6.923573015600877935e-03 8.817103715661839258e-01 3.328105269368488578e-02 1.266373774427407839e-01 1.752471465802891704e-01 3.980687938997842679e+00 4.231539006048984364e-02
5.528584988112195120e+00 8.256283317782063813e-01 4.295807838256869182e+00 2.571710905255578453e-02 6.997270628100480394e-01 3.452257830394078741e-02 2.994555398320834505e-01 6.441660119050789113e-02 1.823607842211731889e+00 2.715483790995836255e-01
1.988812250363448941e-01 1.706578158325876282e-01 1.109757726542207334e-01 2.245914961256942344e-01 4.046443367740279462e-02 4.253945215918787659e-02 3.935256863244929182e-02 6.309886436200201620e-02 8.440254520116292902e-02 3.416389302393632588e-02
2.305648475934189423e-01 2.013082929035896196e-01 1.198566432155246941e-01 1.071360375893911643e-01 2.882535263140177662e-02 4.009851265387970320e-02 3.762061857188614411e-02 5.757179118213640034e-02 4.406446903645300922e-02 7.991744763488238187e-03
3.643110776262385442e-01 4.310714337495641924e-01 1.992300608767618719e-01 6.793607645993021693e-02 1.570973884951086808e-01 2.634128018644126823e-01 8.140833084502489825e-02 2.014511507729876971e-01 1.341396503666101303e-01 9.044964281427375630e-02
5.839258994356970323e-02 1.785871273329514564e-01 3.652682562863308058e-01 2.276566587581191348e-01 1.265372417859254306e-01 6.872817692752319907e-02 5.624106146373973603e-02 1.222159141236994900e-01 6.402132863512071115e-01 1.852901607492251843e-02
1.712582680130728674e+00 2.861486852559192329e+00 1.471053238490900930e-02 1.376879496396820057e-01 1.386739074511476932e+00 3.955675202701781412e+00 7.795992808495476600e-01 3.216418774500258149e+00 1.406603481754232499e-01 1.064327231099307047e+00
3.581658477477435376e+00 7.336314831156251159e+00 6.807814117850746662e-04 2.830963548127896773e-02 1.270299928726756900e+00 4.644952807472068734e+00 9.057831225681458598e-01 3.793068238609855314e+00 9.521548715205445379e-02 7.731767721563561624e-01
6.342710688755580639e-01 1.137055220796433730e+00 3.863160759475007221e-03 1.263202023262625755e-02 2.990739139942594216e-01 1.024170779778658114e+00 1.469674616030558489e-01 9.372699241877926468e-01 1.991287953751852413e-02 1.557683636732144217e-01
1.240177537181109013e+00 1.391259239415050031e+00 4.225184348752986097e-02 4.140787063252380218e-01 1.598949788640272374e+00 4.026470379333680683e+00 5.120155628578961782e-01 3.316425731134044597e+00 1.675070014751663117e-01 9.007192292618462215e-01
3.469509599131907762e-02 1.185136769929732437e-01 6.803845069089135833e-02 1.940094555747152727e+00 8.850346181680400770e-01 4.658363111930025058e-01 9.241517768653797482e-01 2.295610248752183724e-01 2.478456162600536916e-01 2.086357361106985664e+00
3.558869978021159675e-01 5.021673846788821116e-01 2.392281786477317568e-02 1.704408417446718893e+00 3.355244347643976943e-01 5.767277137260796716e-01 1.670029625254171868e-01 5.501554389821734503e-01 1.675705001656871973e-01 4.762424490847349534e-01
1.474890742250425657e-01 1.381027664219451334e-01 1.835659261631661116e-03 2.549103413970758569e-01 5.558191630360009849e-02 1.500964732585436945e-01 1.505958023653049607e-02 1.756316154996310774e-01 4.191122867977348232e-02 3.966625167288900106e-02
3.242820217079715739e-02 1.682223533385409364e-01 6.023239718123062775e-02 5.173773441325606015e+00 1.027981998489753579e+00 4.500990096976559829e-01 1.040250046456406174e+00 2.009064138052242265e-01 4.810845755121235801e-01 2.545988704285733206e+00
2.698606974374347933e-01 1.420895207490559253e-01 2.152650765996353133e-01 8.205873174248918822e-01 8.016220749551966618e-01 4.207141781295057337e-01 7.635419710060427079e-01 1.887527090502793270e-01 2.971840319120387930e-01 1.784070193626096090e+00
6.192003956934504227e-01 7.560037002508193105e-01 1.925746780871800123e-01 2.856373869667451770e-01 8.024026528537261393e-01 9.656145011939443190e-01 1.069459278634949717e+00 7.120693823022503643e-01 6.441906588580231796e-02 1.561231008274809540e+00
2.868128394771988221e-01 2.493133822419225654e-01 1.959019391571434898e-01 4.857684979433661843e-01 1.359898252557674159e-01 9.622651413223475003e-02 2.346318411397845805e-01 8.604061537683012351e-02 1.474260913842508347e-01 3.376661191826277886e-01
4.514935999266467825e-01 1.237587898821685267e-01 1.295020878399169018e-01 6.815813503076639801e-01 1.152625034817937433e+00 8.353109553206130578e-01 1.138280403308709277e+00 4.550745743700895241e-01 9.190280856690530298e-02 2.397709360095986675e+00
5.730500377755426422e-01 6.027418971492186639e-01 0.000000000000000000e+00 1.102730806040893263e+01 6.662037830410396655e-01 6.223781266247705446e-01 1.897591336651853755e-01 6.220991193299970634e-01 2.416690259234257065e-01 1.077013637241564625e+00
2.196088734118841757e-01 2.706242215723001499e-01 6.209379007308206411e-02 1.736470719191781642e+00 2.726036288907640048e-01 4.404783413729441155e-01 8.728841825296737578e-02 3.763169821175640362e-01 2.053866034210348746e-01 3.472092976640005491e-01
2.566137997479196464e-01 1.310530294235807136e-01 0.000000000000000000e+00 9.274871676718445812e-01 5.998003980328753260e-01 7.941014219951769704e-01 2.507714893651956101e-01 6.016488536222446282e-01 9.105024967378994027e-02 7.150017482827782933e-01
3.836003435780360182e-01 2.636218006057153840e-01 5.109523484909812147e-02 7.175458001095843308e+00 4.873973592447139458e-01 4.545973567995850728e-01 1.602124705515462488e-01 3.654348314369488260e-01 2.527925570959639323e-01 7.677771967069364489e-01
4.338129025462230892e+00 0.000000000000000000e+00 3.562170434793369367e+00 7.524679283835219223e+00 1.745477678601859761e+00 7.537556769587869243e-02 1.140356469894111324e+00 1.042982462971991514e-01 1.638875645439785700e+00 2.625830228612731077e+00
1.725511177740176816e+00 4.304003872782190543e-01 2.058783556318554364e+00 1.929439588022666463e+00 6.187394856799295351e-01 3.651053329038757289e-02 1.345115591396068844e-01 4.936240532351402616e-02 2.600817429344808751e+00 1.708679832232161688e-01
3.365774569485579626e+00 1.412981755638597903e-01 2.508775468558926303e+00 1.981713398789727520e+00 7.949470535931683068e-01 1.071171762375844189e-01 3.717690867325595394e-01 1.517293503829249268e-01 1.091858614546922679e+00 6.567912967268896285e-01
5.596603358322349564e+00 4.013152744057975618e-01 4.402555482398577524e+00 4.343846891870261295e+00 1.098686837689645479e+00 7.529418667722376224e-02 2.792371601920565771e-01 1.126978559970246846e-01 2.775756517040848692e+00 4.806997707284427213e-01
5.017549468882112618e-02 0.000000000000000000e+00 8.368456197527252005e-02 5.722730488017116812e+00 1.830727958708001646e-01 1.511546247219823155e-02 3.743952320443302145e-02 3.144475463471554239e-02 2.337418399692326454e-01 3.360755619309153674e-01
1.768585357740478092e-01 3.035638578129802312e-01 1.186532622151807714e-01 2.042833356427699254e+00 4.829630163008349908e-02 8.251820402794145248e-02 5.183833355312589264e-02 8.624827633522121062e-02 2.137982418606954593e-01 5.373023048300956672e-02
2.327117550156704850e-01 3.455400147292854718e-01 1.427196124270835309e-01 2.452274624012328541e+00 1.859660351292863334e-01 2.173069166106317840e-01 5.377947992178802594e-02 2.478001360559863309e-01 3.819330640782876984e-01 2.264170945381313305e-01
2.324692570170688866e-01 3.313106771625065616e-01 5.169370781754629718e-01 1.155493129339387082e+01 3.456987853694801771e-01 1.267830259002552806e-01 3.507342210004183586e-02 1.434366759696650284e-01 1.306131108112182915e+00 3.302615211842060416e-01
