1.875618154023949158e+00 1.829908172373568009e-01 1.377566938895572912e+00 9.920659668866913528e-01 1.426121412560873880e+00 2.536211171235830175e+00 5.468695085714782023e-01 2.058453294736092509e+00 1.451232938141435724e+00 1.622868949484277845e+00
1.478566229272840982e+00 1.701484319250938515e-01 9.929928866850197267e-01 6.935318753247148305e-01 1.057149829974839417e+00 2.009235332772407290e+00 4.064379553938397005e-01 1.619761097295944197e+00 1.163872786951071214e+00 1.296698545040359640e+00
8.331235790298174848e-01 2.792208871954936916e-02 5.504978574425805071e-01 3.687078187559823528e-01 5.443672700608850334e-01 9.249478916294100461e-01 2.320341591799281178e-01 8.503792031292431997e-01 5.382734838358637086e-01 5.915092609777060639e-01
1.145992342819003973e+00 1.344520755965145364e-01 8.360506537744013533e-01 5.983120471089140580e-01 9.004937824546248581e-01 1.772990027086540188e+00 3.414690163636940889e-01 1.350396185539002092e+00 1.032982974905385820e+00 1.159753740154558344e+00
1.839486238481539138e-01 3.125698387838618530e-01 1.350990960728861712e-01 2.530135152992760705e-01 3.736971801191337206e-01 5.139040135498204043e-01 1.776285951876542812e-01 3.651396214734510259e-01 4.060763680419847699e-01 3.069542849289409459e-01
1.471235396379899640e-01 1.670871096475636808e-01 1.520976127593660909e-01 2.086145982854167302e-01 2.556061672344884794e-01 2.403198789003462565e-01 1.717893722118201683e-01 1.962745081663701541e-01 1.823435761718804615e-01 1.290917910231264565e-01
5.689437648532050945e-02 8.281563263594321489e-02 3.727093712798187908e-02 6.756446641729071945e-02 9.729983212956905270e-02 1.120209728303640101e-01 5.307897773821683429e-02 9.620436020155552492e-02 9.022794140660346518e-02 6.760488512388890259e-02
1.420983931157555058e-01 4.840661932354232144e-01 9.618910274788791681e-02 3.662905558477382861e-01 4.583777217271966520e-01 3.735824489199663367e-01 3.132608050754313034e-01 3.018345241149076874e-01 3.935286768021228898e-01 2.204914782593291045e-01
2.305936581167741473e+00 6.161283428282866570e-01 3.828340463380004444e-01 6.672611641208542332e-01 8.962072426735647745e-01 8.702045109819364077e-01 1.005578850285490322e+00 1.127636515978602816e+00 1.214888903259926156e+00 7.082355960631873115e-01
1.745252771796099500e+00 3.259144770490685628e-01 4.490092887989816650e-01 4.349565174564670733e-01 5.772187307062814909e-01 3.881149251818251655e-01 6.293281202199788593e-01 7.162446379852549505e-01 6.082632421851258409e-01 3.634101745344884837e-01
1.431194089477800135e+00 7.645513488252327905e-01 2.867405682869951233e-01 1.883410794099708574e-01 2.913735659599047123e-01 1.651695369286610982e-01 2.160470816019233187e-01 2.920069090913328114e-01 3.590433443547162429e-01 1.458135977161151842e-01
1.806446273265819524e+00 4.788088744142315889e-01 3.373703699205834461e-01 4.866609125964705962e-01 6.043747326977007006e-01 4.626137746662368766e-01 7.229101458778464107e-01 7.516762437894061177e-01 7.727704345908130712e-01 4.616428061966330598e-01
8.109936575221572408e-01 4.598104213069463819e-01 8.857080269916360604e-02 2.851662046392884342e-01 5.076248018588485067e-01 7.800896042160770927e-01 3.380093155761305646e-01 5.322505737506574297e-01 7.857628432141738895e-01 4.745224481120056681e-01
4.786686508559674924e-01 2.353261247494988773e-01 2.468171273856333003e-01 2.958288013994982979e-01 2.361167779122503585e-01 2.945640348127028796e-01 2.653089761517437029e-01 2.177168518162202193e-01 3.096366428697595596e-01 2.798549792332964969e-01
5.189465886346124046e-01 2.263394521493677647e-01 7.709673069287359404e-02 1.636323894678583246e-01 3.528075927296799863e-01 8.635273741857205643e-01 1.512565256696097871e-01 4.795692129440287110e-01 6.758812410884422750e-01 5.371335867466690006e-01
5.238338693556763292e-01 5.601959259986379003e+00 9.680532069399529205e-02 2.528045540857923879e+00 2.202288809752951160e+00 1.486174567242268596e+00 8.306297462115335151e-01 2.909870277172749709e-01 1.373751162920102908e+00 2.131286912775334497e-01
1.728325106794675747e+01 5.864128182435295322e+00 5.193493848660762247e+00 1.901723056950112234e+00 1.601512793784584776e+00 1.071363227058337531e+00 2.198842305112372664e+00 2.366016832540074333e+00 2.928646080100656413e+00 1.730722191082590733e+00
2.557357094726817603e+00 1.292658789683503340e+00 1.846333802120878387e+00 6.990919452817780932e-01 2.142025834061435929e-01 8.571921501320253767e-02 4.200665744267423340e-01 2.836228767950645935e-01 4.758913520513830681e-02 3.538355212058039156e-01
1.167223214535127696e+01 4.512673816826835882e+00 4.913580518412054232e+00 1.668034731751056654e+00 4.535798985303954867e-01 4.098100519099742711e-01 1.009186429071585511e+00 1.066313639117191459e+00 1.060775757272681030e+00 1.319352357805982034e+00
6.253291271529585416e+00 3.141426261177998391e+00 2.442136299378875108e+00 1.223837834922890222e+00 9.390093206944163384e-01 4.940928696384362939e-01 9.974029135934001644e-01 8.482096373634899766e-01 1.035044823288586047e+00 5.401341048943292256e-01
4.155201188489470177e-01 6.108585934694277242e-01 3.410466538372349810e-01 4.158724995911340927e-01 3.477292439388643963e-01 1.973749051328829163e-01 2.421666952616800539e-01 1.069313643553543719e-01 1.754606294798739530e-01 4.852739997958876311e-02
2.640112556094542096e-01 1.482653765279766112e-01 2.242115016645644388e-01 1.482711652418813031e-01 7.467032369328394092e-02 3.444062808654606289e-02 1.099780919700177884e-01 7.920441956198856492e-02 2.491821362849068466e-02 4.585209183147721801e-02
2.863413245527163808e-01 2.603587079443084873e-01 2.389726633359495478e-01 1.991690289918289780e-01 1.709647755172475081e-01 1.393336619484039640e-01 1.204158148990546046e-01 1.143609414627886345e-01 9.888856489095695923e-02 7.534098701849110957e-02
7.236581204067331630e-01 5.070986215199178027e-01 5.479764733869367799e-01 4.979596622496265113e-01 3.634790732151608195e-01 1.433229945629163893e-01 4.414258403929254282e-01 2.687820547537642657e-01 2.113268125260255037e-01 1.334023499366376597e-01
9.086269555629258310e-01 2.402569111369960986e-01 9.868345650776479960e-01 6.092018446350839778e-01 1.721479234523750845e+00 4.986082570580334661e+00 2.289059730693867867e-01 3.017047604400112437e+00 2.913974218195603427e+00 3.251493290488447041e+00
1.319103942393430762e+00 1.353682058909431163e-01 1.335610443538760794e+00 8.671635038063695289e-01 1.722711166313427134e+00 4.795859489584207935e+00 2.166688550053114948e-01 3.039647564423978654e+00 2.653668656607228282e+00 3.147408011987918197e+00
7.824380082560876692e-01 7.932540830645534724e-02 6.135657349784795489e-01 4.161470991517997042e-01 6.447937969858166252e-01 1.466283700573364435e+00 1.684541987011127784e-01 1.051049805014068195e+00 8.168455066207415127e-01 9.506045573499268819e-01
7.804057187977926358e-01 1.183631681568809713e-01 9.754437116477016056e-01 6.064886553188816309e-01 1.182289930322701021e+00 4.237072312380435690e+00 1.599564414225082831e-01 2.429244708445086331e+00 2.453394274342237225e+00 2.973745029835720199e+00
1.508679746429086865e-01 1.134592271420882675e-01 1.253689292133302047e-01 1.480374951281161477e-01 2.341181366592668955e-01 5.223119261606272712e-01 9.642882347599449067e-02 2.996443677442108822e-01 3.554831106402470131e-01 3.204359569427545074e-01
4.270219067668283852e-01 3.513475860575798748e-02 2.102428191978095717e-01 1.816137630398724501e-01 2.697626906941640312e-01 4.459147497950181060e-01 1.858008940926195451e-01 3.783322741024096603e-01 3.413979516900880751e-01 3.248142312407421572e-01
1.252426491079649540e-01 5.566468174826390281e-02 3.706543664846339431e-02 4.826112404028800457e-02 9.470974038007334839e-02 2.292253829339426785e-01 2.689515099907008322e-02 1.508837742549045124e-01 1.742542957712583940e-01 1.430770273539580251e-01
4.619638163083703009e-01 1.874539590472311668e-01 1.769978323530863318e-01 2.754043805294663638e-01 3.842784089398461056e-01 5.400636467289534615e-01 3.083491355933163369e-01 4.809785172641111162e-01 4.800891896144691695e-01 3.441606711818678277e-01
1.991617229173860970e+00 5.675492431962347872e-01 1.874845196061637465e-01 2.286341469747785182e-01 1.266605374800406469e+00 1.211362658643391210e+00 1.286559493757081007e+00 1.522121216453443671e+00 1.713959427735175511e+00 8.813149010228109592e-01
1.470484610342836618e+00 5.518015459891983943e-01 3.176579576719850140e-01 1.273220021779908895e-01 1.367190487906593921e+00 1.026321006804324698e+00 1.285993942985428129e+00 1.684289452241486185e+00 1.419973669474273947e+00 8.418453829361973728e-01
1.117572956104747384e+00 5.905312094657936273e-01 3.309786120012238597e-01 5.405557905726899870e-01 6.443707163343972422e-01 4.591177948904966444e-01 6.273402783082501211e-01 5.819993431151254670e-01 6.271700892444560527e-01 2.981617841215065123e-01
2.263937075718520209e+00 6.389090672308309626e-01 1.708193154676534986e-01 1.993447630662986414e-01 1.587579308949047308e+00 1.523469084950376251e+00 1.552254019278604291e+00 1.734642018972932798e+00 2.114429214564519821e+00 1.016032542056262811e+00
5.408824639054854444e-01 2.037279157851386024e-01 6.502471440619404797e-02 1.578608139643921382e-01 3.520803536869873129e-01 1.010330380908950776e+00 1.304189430274515504e-01 5.844647878430261345e-01 7.624321351270877400e-01 6.023862546504568094e-01
2.496473586975632708e-01 1.697935817954162874e-01 1.497260505873824477e-01 1.756844790569081216e-01 2.851902639792153193e-01 8.091269859503709139e-01 1.175321636346777915e-01 4.617807705352749981e-01 5.689253952826004435e-01 5.529037339654074845e-01
5.497944271412145145e-01 1.363718085001785485e-01 2.648756004262472485e-01 2.169054890303014349e-01 6.373462006961743143e-01 2.079317937876960620e+00 1.607714662988910526e-01 1.189899062891961457e+00 1.413036413396457247e+00 1.293814223790885620e+00
2.853053502536890829e-01 4.598244272026302260e-01 1.779524209097314569e-01 4.075086166913589603e-01 6.306471841143981294e-01 9.008825796950556963e-01 3.516430528554336243e-01 6.075126863964939172e-01 7.364595482778621971e-01 5.340636807934172614e-01
7.977862352857489903e+00 3.504003069330076769e+00 3.357525712831125109e+00 1.250347191673077951e+00 5.839952826592360591e-01 5.303613595782767920e-01 8.203079527854502118e-01 9.256813315615498583e-01 9.152454717278923901e-01 9.218975002575755529e-01
2.589295073921669577e+00 1.189813989951014950e+00 2.011422375461843881e+00 8.549612249401592479e-01 1.180564513525173692e-01 1.419090503005102921e-01 5.219182168682663381e-01 3.218474979102812217e-01 7.036024782749200623e-02 6.849710553423841164e-01
8.063165289027015348e+00 2.495408208536821437e+00 5.234205250757259620e+00 1.734808247742567477e+00 2.020645591995656465e-01 2.338195645463725658e-01 1.135484837294578497e+00 6.994963884287128675e-01 2.753059375913980977e-01 1.267091325633797672e+00
6.207247805207924962e+00 2.472868488395221220e+00 3.792167950036080093e+00 1.343321248263734891e+00 3.061624160171232401e-01 1.785989869607300107e-01 8.298981298080029267e-01 5.482301152412627498e-01 2.503491120100533873e-01 7.873492071196994679e-01
2.254551260422029690e-01 3.211587540181687350e-01 1.655302938998948203e-01 2.001186199532313803e-01 1.628331721467717597e-01 1.224194436493959426e-01 1.010497435808215133e-01 4.923422478082534887e-02 8.014124209037820634e-02 3.443380529077110647e-02
3.339340287271689300e-01 1.909964017018206117e-01 3.506030082258516645e-01 2.209159956880832609e-01 6.608835447927505213e-02 5.106923300353918144e-02 1.587891128280398134e-01 8.590098269371906903e-02 4.792139447581375555e-02 1.392114314958250165e-01
5.745027442323493716e-01 3.201035412476633812e-01 4.391301115762726859e-01 2.914811924304234747e-01 1.758612383939975876e-01 2.830148577590310133e-01 1.766517631602007865e-01 2.954709559645375405e-01 1.867140091736146090e-01 2.891008436231489176e-01
4.183488960502004250e-01 4.457944791882784696e-01 5.797452214192915232e-01 6.715303504716810812e-01 3.244213021542389219e-01 2.180520781347421999e-01 4.871336726591805610e-01 2.629771365180214593e-01 2.178276596887758210e-01 3.447751360456083325e-01
3.524628679686246269e+00 2.832811826237447983e-01 2.294823829107443203e+00 1.801299108852910891e+00 1.815328093625179662e+00 1.751069034297439986e+00 1.001955062785798933e+00 2.094928758512803135e+00 8.896267374257152971e-01 1.036318093413315600e+00
7.463984632280313392e+00 2.920113196749178908e-01 4.670993908126279237e+00 3.618739748072472118e+00 3.008802647536580999e+00 1.565737328806634521e+00 1.858602256530189401e+00 3.252820883769125260e+00 4.627069072072787503e-01 8.698067177106494352e-01
3.902998893602336761e+00 1.708881031218255631e-01 2.405571962513309181e+00 1.858213879434715388e+00 1.524091743754082628e+00 6.611857475530455996e-01 9.864407712112385207e-01 1.598666896362555212e+00 1.706136044702206700e-01 3.550165932438888450e-01
2.964957211477913024e+00 2.001877937913873751e-01 2.051289104902070726e+00 1.585241222160085117e+00 1.539090639411294426e+00 1.122163620380046689e+00 9.333408860435818966e-01 1.636119550255892285e+00 5.164553005410381648e-01 6.314206343278225830e-01
1.773250387571563835e-01 8.962717857829502477e-02 1.276855653467748319e-01 1.326710133451726170e-01 2.069555347900685627e-01 3.642585025677638200e-01 1.184558913742562447e-01 2.762365434492113359e-01 2.902014417256773005e-01 2.487699735641349108e-01
3.008628675116752915e-01 1.164605961551405111e-01 2.364831727880973844e-01 2.557991046254793899e-01 3.150248947313716852e-01 4.003214541921743530e-01 1.844581490758214204e-01 3.241547489229417711e-01 2.794015258096618215e-01 2.364895142286293495e-01
1.713560544275634923e-01 5.900933410828761334e-03 1.243694384216685461e-01 1.052276454520168908e-01 1.150735109028055009e-01 2.059289156310498137e-01 6.765496024002257136e-02 1.461872177207093615e-01 1.244796707073765607e-01 1.305747111504581282e-01
1.734695163841991628e-01 1.941157339203132826e-01 1.360548839923702014e-01 2.314318543250943883e-01 2.364246531381813676e-01 2.478950494263177928e-01 1.550444220927614247e-01 1.779494616173810939e-01 1.906885677481002517e-01 1.364742069381018053e-01
2.589423351128029793e+00 2.502362742841653387e-01 1.236231190031090943e+00 1.003651946132006367e+00 9.469329327370257232e-01 3.249628964213842064e-01 1.018014056987703864e+00 1.149121218792847676e+00 5.208377032314419619e-01 3.075367142136110621e-01
3.521058552212967818e+00 1.685993781790989798e-01 1.977826224079374917e+00 1.496496069241994187e+00 1.234341421082738810e+00 3.251807768703988133e-01 1.439734701648184956e+00 1.653550892154504792e+00 5.792609077390136196e-01 2.642021904258595177e-01
1.612110459527363870e+00 5.115140775875589574e-01 1.304396648451391805e+00 1.189945742131559347e+00 9.642009314882451498e-01 3.230482313593650567e-01 1.175561717595550615e+00 1.534436246638832824e+00 4.757937125148474777e-01 1.852244038267838733e-01
2.533053551870320774e+00 5.353226934270650661e-01 9.676610340800373411e-01 8.693792084713605206e-01 8.939435431770118567e-01 4.084789830697992397e-01 1.025572320034587648e+00 1.036127414723821083e+00 7.443930949541808229e-01 4.055967799000470553e-01
5.141636080827113320e-01 2.196051526267444876e-01 6.888723171623273300e-02 1.175790535933353698e-01 2.584560970568383631e-01 6.308634702096985736e-01 1.169220193302395738e-01 3.946392235617626199e-01 5.179146082496806081e-01 4.308292800983469784e-01
1.889481313058034295e-01 7.828989001600988873e-02 1.399416502212171842e-01 1.561258067300319297e-01 1.998110007174518366e-01 2.688739556732930303e-01 1.469089909189792709e-01 2.300995804111206078e-01 2.201177192385962711e-01 1.974100546174630266e-01
4.328300876420889676e-01 1.450220564715313243e-01 1.182901510940795875e-01 9.719870897576160518e-02 3.174424143343445581e-01 8.622112904962866420e-01 1.075425946179330988e-01 5.306729811693944310e-01 6.194926991252892590e-01 5.534778129230418786e-01
3.607252464757590982e-01 3.331354732928587525e-01 6.729761196425519676e-02 1.883601969320091163e-01 2.983713502318998678e-01 4.615914109442134650e-01 1.611874327658346373e-01 2.828271759639768845e-01 3.765959230918541345e-01 2.371639763099669396e-01
1.064381674882012163e+01 3.429972828313223587e+00 5.528202356396743511e+00 1.783788329924840266e+00 2.984796219584744392e-01 1.822371505347281373e-01 1.269586759906345952e+00 8.306984763133116179e-01 6.201956265611467956e-01 1.201540590290160582e+00
1.748450186786221439e+00 6.127676981372565113e-01 1.676429981880362519e+00 7.072599148936018487e-01 1.019533409175314431e-01 5.584974192960304173e-02 5.786446193906877866e-01 3.579191732112908531e-01 4.091061671261912031e-02 6.275733017871147901e-01
6.089596836869997531e+00 1.539864370653237557e+00 4.528265422027712539e+00 1.559376982579708804e+00 0.000000000000000000e+00 3.675450087075854411e-02 1.234590107781113222e+00 5.038319081151688694e-01 6.652953013739447419e-02 1.395478278846411069e+00
5.906482339401805781e+00 1.618899935227493536e+00 3.842572071246909804e+00 1.207156149964618619e+00 2.552250334031093137e-01 4.137735477412855106e-02 1.006960258792401808e+00 5.199049338511272378e-01 1.813080685126013392e-01 6.459585889283555593e-01
1.775254425017661897e-01 2.630447289594677884e-01 1.475372425310487734e-01 9.456179807587339337e-02 8.976703248985085093e-02 7.166351253925869191e-02 4.516742917490364911e-02 8.905917562432474899e-02 3.649167471306394295e-02 4.853209044008596762e-02
1.216926659910123887e-01 6.576201661489147754e-02 1.570431211594824905e-01 1.118471500696348181e-01 6.908864911423218125e-02 2.893452924328069470e-02 9.090849560201436086e-02 3.110142369239485283e-02 2.193986475132880809e-02 3.636018966867324981e-02
3.545691622878009430e-01 4.249738933914109368e-02 2.893883270385517181e-01 1.831146933343786587e-01 1.389398127418561835e-01 1.700383143832185084e-01 1.607217044812224715e-01 1.464558414659463681e-01 1.310627818743471118e-01 1.424508216602010657e-01
2.219343821659089944e-01 0.000000000000000000e+00 4.277085898119100116e-01 2.901782925530401180e-01 1.031098968397687610e-01 4.732679293067486304e-02 3.363998293517197480e-01 2.691463889410101729e-01 8.992940466478618888e-02 2.729104779837068784e-01
1.739064643310392455e+00 2.083916351569399805e-01 1.131023928520940913e+00 8.601062981129372620e-01 1.365699571830911729e+00 2.467409247237742242e+00 6.402974106545498145e-01 1.934951936541916551e+00 1.566797997565853473e+00 1.599636065654636674e+00
2.810389474162743539e+00 2.384237144877941750e-01 1.926496229883355227e+00 1.389920051233406006e+00 1.790162482701897151e+00 2.734016571675494944e+00 7.812063506537676449e-01 2.482790960711831474e+00 1.527822293348209737e+00 1.747294873307134511e+00
5.866134417946606838e-01 6.516052639576858097e-02 3.730846069146976363e-01 2.802231941917044389e-01 3.371277129623292401e-01 6.469909327407894484e-01 1.104189292193068356e-01 4.870392738741521899e-01 3.456149766971392534e-01 4.092725728692236387e-01
1.110311241262675219e+00 2.526270046145100423e-01 8.963718344596148802e-01 7.493472728889734036e-01 1.299622083601057909e+00 2.629450918343679611e+00 5.543112004060352094e-01 1.825169708715403516e+00 1.655750607734609581e+00 1.693073234124406801e+00
9.713229729879989671e-01 8.630826503513868708e-01 7.532319778275056721e-02 7.037381167297886986e-01 1.127690763531700169e+00 7.433915959614951774e-01 1.100265377399388900e+00 8.366798601623208764e-01 1.191503945404992493e+00 3.811024287497528085e-01
2.789923567350707234e-01 7.993847349069378438e-01 1.979311558308311514e-01 6.748183406504579818e-01 6.972381715257978119e-01 6.307027468472190534e-01 4.357448289064614344e-01 3.166740386863045043e-01 5.331355635430131690e-01 2.498845973968006895e-01
1.174496470257193614e-01 1.302267706263649516e-01 4.917234597469113955e-02 9.857566041996930484e-02 1.046387311925816438e-01 1.422232487843794468e-01 4.275928275013259755e-02 1.193682362135590064e-01 9.727837393493377061e-02 8.578182224493680064e-02
6.786288913115863242e-01 2.843877275184983233e+00 9.328229690894500326e-02 1.562217390384204041e+00 2.075362380256383865e+00 1.165449866977507742e+00 1.488876412744688293e+00 9.602199999375549133e-01 1.623446218490188775e+00 3.625806631218778664e-01
1.348612899125729792e+00 8.223490541728979419e-01 1.512472119105461865e-01 4.829475170546548846e-01 7.474221474182893843e-01 5.760989669549713144e-01 7.154793842539811655e-01 5.930237258531458888e-01 9.026620953484797427e-01 3.865092754865413482e-01
1.921628786682347378e+00 4.868643790084733469e-01 4.108951362642414562e-01 5.767441127434587145e-01 7.054609806917622183e-01 6.283446141688820985e-01 7.616050990547919008e-01 9.071676603721785526e-01 8.760005828751475931e-01 5.782465588837025772e-01
5.030750891415746162e-01 3.481226460543070389e-01 2.405075612142084929e-01 2.632055610083631758e-01 2.694979630463718578e-01 1.274594348442398550e-01 2.656608541129734657e-01 2.313030566695696288e-01 2.039831811362633196e-01 9.379842007852086383e-02
1.887608623370935268e+00 6.589909941839690033e-01 1.357890970462498625e-01 4.523384577137276041e-01 8.390794370837617588e-01 8.397026986074447308e-01 9.751547981765777973e-01 1.037463589971720834e+00 1.297071454151523140e+00 6.604935500826658590e-01
4.868192935857486026e-01 5.900650800816367614e+00 5.082807805882501306e-02 2.949499845436226675e+00 2.456282308059078545e+00 1.928815253098392857e+00 9.982479655987510636e-01 3.480402416739412086e-01 1.739989960216685505e+00 3.952471052786521999e-01
3.092865229155555284e-01 1.015277801158211535e+00 1.655404662562011686e-01 6.147904034882512025e-01 5.801300274093406095e-01 5.245087037477720315e-01 2.716203867414558326e-01 2.265470651667496615e-01 4.305117005074981518e-01 1.735380026185039948e-01
3.263401717848636308e-01 5.162600506797351274e-01 5.529225863392216861e-02 3.114475961361496958e-01 5.535120201404398754e-01 7.859768619075713225e-01 3.154541686416484358e-01 5.179169765444935347e-01 7.003416642143480697e-01 4.379113085323917964e-01
2.684241816693106464e-01 4.027511773501593062e+00 4.220489321438446878e-02 1.931860400535094557e+00 1.709082323602984621e+00 1.292015719962883002e+00 6.784014330767373924e-01 2.802939495578983253e-01 1.130987250452066606e+00 2.282530592100084355e-01
5.461074271266765479e+00 6.900630425152418645e+00 2.805585156161616744e+00 2.853085358881551237e+00 2.740385103106938391e+00 1.362255202148691335e+00 1.792280023833360270e+00 9.245970272608996510e-01 1.734149673267388891e+00 4.479437810168963585e-01
2.337303517192110824e+00 2.639057441618629873e+00 2.100327373535535891e+00 1.618426509165056704e+00 6.598460268599610767e-01 4.025977420975674903e-01 8.613283119993609960e-01 3.469083683603072510e-01 3.281791839895777940e-01 6.685353242140321672e-01
3.620362378930439107e+00 3.121871160513253862e+00 2.094049517001167704e+00 1.274959461783129022e+00 7.908895374578797099e-01 4.405761095537779060e-01 6.104991632648139044e-01 4.221970017499850902e-01 4.466736951104677278e-01 4.069467749295360703e-01
5.425050661441193078e+00 5.417228886756038975e+00 4.048349802156644195e+00 2.729096100144603909e+00 1.510116344075858041e+00 7.257208102611538703e-01 1.361597748673058383e+00 5.642309443759189191e-01 6.499930905402908632e-01 6.415115084260806233e-01
1.287431153379801907e-01 3.849026825667746010e+00 6.492917826878677467e-02 1.516126065942806411e+00 1.127442496407392802e+00 7.043786262903453110e-01 2.368273420685786945e-01 3.082840699105045962e-02 5.456468274098703608e-01 6.580251301893214055e-02
1.218861293271883417e-01 9.242391109628687040e-01 1.602864438936695002e-01 6.807909028381396999e-01 4.310422472775825020e-01 2.738351395047020076e-01 3.227080455583495877e-01 8.107185507559730442e-02 2.641832689538191059e-01 9.044454564376191996e-02
4.988917017838370160e-01 1.372831672863747077e+00 2.830375714784236774e-01 8.363182211896312834e-01 6.471341732929403179e-01 4.718836515720318259e-01 3.283013159267771930e-01 9.350182260249823019e-02 4.061717795211752802e-01 7.563042108599482560e-02
1.678691205039082590e-01 5.563042074093271339e+00 4.693432918508257945e-01 3.485909176532376641e+00 2.255315003329924739e+00 1.497548207808511833e+00 1.481905444745179601e+00 7.237088324404755690e-02 1.461671840108240694e+00 4.640347611410155504e-01
