1.073553423104124827e+00 3.087304679794153350e-01 8.901333507901066922e-01 2.571483174719604747e+00 1.556538143638137806e+00 3.006035249131402409e+00 1.269393228911098292e+00
8.928929972188609510e-01 3.043220383354523495e-01 6.364738701865856330e-01 1.858464674507103398e+00 1.258486488425767824e+00 2.354291184359113664e+00 9.580168670181734569e-01
5.384121766495267858e-01 8.730674923854392366e-02 3.523619218287085686e-01 1.052994612920569395e+00 5.842910711054496442e-01 1.089575433194768017e+00 4.952854483348890779e-01
7.001061556789014428e-01 2.377394592758776404e-01 5.416784329805975906e-01 1.537855338712471598e+00 1.083237799183961236e+00 2.103135440444666937e+00 7.978277597150803535e-01
1.732861264002406310e-01 4.343915948101687574e-01 1.042879934455605839e-01 2.343762130861330173e-01 4.525873828795768383e-01 6.607620572405961124e-01 2.457809784226342720e-01
1.067647083541257980e-01 2.319488198754698915e-01 1.201361019988884393e-01 2.749064050431746509e-01 2.370535111279336582e-01 3.047982174049734816e-01 2.005952229903095185e-01
7.320652375817725266e-02 1.162753734445386988e-01 2.740095450848856889e-02 7.415454399961735055e-02 1.125858607246400661e-01 1.389818695411094707e-01 7.384268561285146915e-02
2.780086362464538330e-01 6.569481608116840565e-01 1.161932647501092986e-01 2.119588685146762685e-01 4.980360482334940109e-01 5.169295021567832382e-01 3.024511723743227298e-01
3.123326341447397070e+00 2.127927155091849709e+00 3.636104239351169443e-01 8.433231839310846301e-01 1.440674055055628955e+00 8.545546927380250901e-01 7.841154040717529528e-01
1.896307775132570317e+00 1.011130276319998966e+00 4.094718801832244459e-01 8.515966766875617822e-01 7.996496386679377011e-01 3.388976615932108860e-01 5.909391980344143036e-01
1.640019439286468872e+00 1.087303035897291492e+00 3.117654610023072870e-01 1.250723141035229580e-01 4.476058181937163094e-01 1.440174690380049416e-01 1.490001771163892985e-01
2.247379552904028799e+00 1.376135297821479364e+00 3.502706295400580538e-01 6.852921651201205888e-01 9.580342447754272017e-01 4.434806071190455778e-01 5.987552482677742649e-01
1.204939358971198526e+00 1.253233593691473580e+00 6.635704504483783128e-02 8.182819089132359336e-02 8.128788263068140729e-01 8.996316127110564054e-01 2.401742768801538030e-01
5.025478085182168986e-01 4.432589337514253325e-01 2.910945391323405129e-01 2.312286301572086811e-01 3.415353068923917546e-01 3.818271153024983544e-01 2.258773629073989875e-01
5.725441137591794627e-01 6.408177368235170590e-01 4.108439143737270538e-02 9.607013663168129103e-02 7.040599135421221622e-01 9.682886577110122461e-01 2.519634669944978422e-01
1.358322406273499539e+00 4.238356536424849885e+00 1.638079004124053939e-01 1.082240585675103423e-01 2.132343549510299141e+00 2.624935475455652423e+00 9.957867419093625605e-01
1.667271990847246599e+01 8.431785206037938352e+00 5.230023303644857791e+00 2.013162684005471270e+00 3.639701324902370860e+00 6.345273098959697267e-01 1.702841022345158217e+00
2.060050262095487028e+00 4.523580182978308439e-01 1.810985098377979163e+00 7.375724209786724828e-01 2.215627574929859844e-01 1.918537778961810214e-01 5.063029021158139686e-01
9.359482169531716522e+00 3.839996398589378135e+00 5.080814229221616962e+00 1.724077961241332391e+00 1.451316357173860982e+00 3.860437507412693980e-01 1.259548959195857964e+00
6.286149637999321804e+00 3.646063153519508049e+00 2.334535830000163070e+00 8.831853339949464754e-01 1.331194173188191776e+00 5.874921669819392900e-01 7.340052293167811381e-01
2.945049499227374579e-01 4.664343250095723259e-01 2.865174037647216787e-01 3.071826458823981865e-01 2.949625471929868126e-01 3.192931573399396816e-01 2.735312242539200689e-01
1.720482860221443366e-01 1.034206499831613196e-01 2.052683496683905817e-01 1.720574411986442176e-01 5.571377563084941448e-02 6.772374419268759049e-02 1.028798193309704012e-01
1.661165045446945654e-01 1.727943251983316553e-01 2.239104695277666646e-01 2.109757160882574367e-01 1.616228599864836246e-01 1.841105658211559803e-01 1.647342766583854701e-01
6.644519425450732264e-01 5.838013574374801840e-01 5.144405699240944818e-01 4.878765101590044062e-01 3.210216182361722570e-01 2.484443332988323927e-01 3.620633162075298506e-01
9.801924627597763395e-01 7.261308346118692247e-01 5.696408078973035360e-01 1.551135154591826382e+00 2.825896318792539663e+00 5.773452729323216737e+00 1.355043429672987187e+00
9.815617493031895124e-01 4.780879998444744206e-01 7.877871175133217552e-01 2.280955992769779339e+00 2.487006508372656022e+00 5.673507175111123679e+00 1.306998844688368244e+00
4.234721629147918387e-01 1.317874711592198489e-01 3.843985322328002940e-01 1.107451709730826961e+00 8.258464989695339931e-01 1.731550861397775032e+00 5.607755907315294941e-01
8.272043268924779147e-01 5.067192219360668881e-01 7.607558365976027082e-01 1.117402722150208749e+00 2.270404601949351786e+00 4.968303214244452093e+00 1.006215004337543739e+00
1.230262843664832184e-01 2.236615811136620779e-01 8.622183579160747069e-02 1.752711447671339018e-01 3.607995679469541139e-01 6.269212122822086508e-01 1.803397351121147074e-01
3.587121909234187722e-01 2.387299611394249621e-01 1.546067388312741542e-01 3.736798062076491789e-01 3.785023608162058073e-01 5.150359926428982327e-01 2.617912858791250907e-01
1.418807508576947485e-01 1.366365603559068498e-01 2.305767110893057470e-02 6.521203750886096773e-02 1.765258467977520729e-01 2.555880249851553154e-01 7.055372465837474183e-02
5.221733858468029510e-01 5.076771533131195779e-01 1.430651107333612559e-01 3.349909736143941164e-01 5.369072872588156464e-01 6.368930252218381050e-01 3.432301681435093732e-01
4.379270653108678246e+00 2.650478601356086816e+00 1.330435805450415621e-01 2.779637335950071453e-01 2.047883981514416973e+00 9.939394812415768277e-01 9.610203003782560316e-01
4.212837243267368414e+00 2.193939084905564663e+00 2.896903773236040314e-01 5.914524315929023945e-01 1.889364827345538789e+00 7.211856472864213163e-01 9.455725637024307018e-01
1.462357605761059887e+00 1.254194484421510936e+00 3.466447778831722171e-01 5.157353079105775340e-01 7.571272188244094759e-01 5.348373526718657178e-01 4.881945082311224815e-01
4.919432012645143182e+00 3.276574234276022679e+00 8.725066616971467737e-02 1.618106959761743957e-01 2.549337148545228082e+00 1.219536202378507905e+00 1.210490891731544005e+00
4.872859123325036790e-01 7.242043369840617251e-01 3.903442736845766370e-02 4.872183714084631079e-02 7.665372083522705715e-01 1.134658404573512636e+00 2.293534788409302971e-01
2.851852867696698102e-01 3.497862799639961939e-01 1.252836575502938588e-01 1.161906527780248166e-01 5.600139472607332802e-01 9.710851038413276237e-01 2.376821823277104895e-01
6.160123710351645965e-01 7.413403651054051302e-01 1.139780950468840814e-01 2.347062861648112897e-01 1.334798919695538988e+00 2.399731772844229116e+00 4.764575312438347754e-01
4.482452342300483061e-01 8.070150442555854564e-01 1.346644432286592530e-01 3.122234142874442675e-01 8.172047516243277077e-01 1.119978248774336826e+00 4.208715793077532075e-01
7.032611065822798935e+00 3.161652076025509572e+00 3.334024560371623203e+00 1.200501498257900534e+00 1.284323781027723932e+00 5.549870738942959125e-01 8.885266419723865106e-01
2.121255481628284478e+00 2.989860321345592098e-01 2.173721587347970274e+00 8.565818536042298925e-01 2.355393404230865517e-01 2.733202476830461913e-01 5.775850812992646688e-01
6.509537053399125917e+00 9.539208619557595359e-01 5.361094258803306367e+00 2.001706702117116432e+00 3.933174175712627063e-01 4.148408826760552337e-01 1.189229455341835440e+00
4.797672561170081451e+00 1.190866035610975038e+00 3.780708972624541975e+00 1.468097182352918750e+00 5.435387761134387041e-01 3.094021811338134587e-01 9.594833149681483153e-01
5.867351034744608396e-02 2.370938619697520178e-01 1.366171069540522420e-01 1.494373102627562788e-01 1.596514807975883965e-01 1.776342427736711527e-01 1.356749247440690032e-01
2.855460224085631937e-01 7.970085378922991959e-02 3.715270612493538627e-01 1.874713897654125827e-01 9.324678072031128417e-02 1.046694495334548752e-01 1.399441747354141785e-01
3.897309403675144890e-01 2.234679826672593128e-01 4.599892391170236072e-01 3.470057143783839559e-01 2.513356103995209589e-01 3.597280535796792411e-01 2.513604439954942871e-01
3.648712406660845620e-01 4.232452920360921800e-01 6.514889856949557245e-01 5.354873720912447510e-01 3.239832561339781036e-01 4.181187205010099550e-01 3.842017863221444118e-01
1.281531338691874966e+00 1.038173465260540801e-01 1.521570669506136841e+00 4.579264408858276347e+00 1.199121802487051802e+00 2.236684134567827442e+00 1.733513648209414004e+00
1.088083273906006454e+00 1.064812630011933298e-02 3.140103047999626806e+00 9.601727042530155742e+00 1.084450879097947462e+00 2.282567638616318728e+00 3.045542804898283773e+00
6.352829906779979829e-01 9.047723282228564007e-03 1.617281717434273514e+00 4.952285688412272791e+00 5.145451841412864713e-01 9.856128619513280231e-01 1.589549050525673302e+00
9.461753040666414094e-01 8.264794299972844094e-02 1.379551611138337242e+00 4.055338936344763390e+00 8.146699737138012321e-01 1.471497493860149275e+00 1.452760158729768936e+00
1.470335591141417597e-01 2.225414243260969704e-01 9.444178445080789186e-02 1.918777352834483696e-01 2.957263526753294292e-01 4.410985452765990300e-01 1.832256261803055231e-01
1.772022120779116749e-01 1.923086322874867637e-01 1.799195808203403746e-01 4.310985047285162963e-01 3.086328546146643870e-01 4.916036132282641802e-01 2.736324743244772373e-01
1.100053637099526194e-01 4.375320267490125092e-02 8.383833754348789247e-02 2.301875693776876952e-01 1.245165029548401664e-01 2.433959638933416159e-01 1.116612791510421393e-01
1.423658064649408195e-01 2.436612468291105005e-01 1.026021727758622548e-01 2.523611428569390580e-01 2.365004016882386040e-01 3.352383716037867778e-01 1.821035111148860408e-01
1.808863176238333148e+00 5.749451110504427698e-01 9.552251975608293533e-01 2.292527985242087230e+00 8.288271713325283674e-01 3.823123931818473986e-01 1.193690116250014865e+00
2.100752956166076491e+00 4.792142007861505126e-01 1.507126199351223717e+00 3.402347114024767194e+00 9.276425910787063911e-01 4.536451817107293172e-01 1.658144302554448224e+00
1.494772816777782509e+00 9.937501207594247044e-01 1.070354821571656734e+00 2.052212910612060348e+00 6.369431293939619154e-01 5.443800783078998062e-01 9.589848502769575678e-01
2.272793057220733548e+00 1.167346740070296374e+00 8.253814623124069438e-01 1.595807736548080946e+00 1.032863899182757006e+00 4.438931893572547471e-01 1.059073787943380252e+00
5.637777578506224518e-01 5.090505917513886702e-01 5.361128500539399933e-02 8.339185281816670348e-02 5.315889291543998141e-01 7.249270180043582146e-01 1.974587782478922360e-01
2.590844014532989181e-01 1.771841378173313331e-01 1.332837277908451024e-01 1.917769585446114089e-01 2.343935739057950163e-01 3.309064190847837428e-01 1.682482985858529956e-01
5.224802592966335535e-01 4.601965189771111686e-01 6.612116626573394385e-02 1.339842736832325965e-01 6.275221959676632322e-01 9.689384351185348354e-01 2.172090038319109406e-01
4.506812120359816598e-01 5.260796814441341951e-01 5.877915944368772294e-02 8.358293743827235889e-02 4.240910249817900768e-01 5.410789955690310515e-01 1.881024853239979533e-01
9.066999359305523143e+00 2.477163937064558841e+00 5.546709806772151197e+00 2.022138795048615822e+00 8.558724601720534286e-01 2.025966448862770997e-01 1.215410455745466578e+00
1.708195463019128280e+00 1.004202083122214817e-01 1.793037743028333963e+00 8.310712933883920295e-01 1.326483777930031194e-01 1.572923965616135622e-01 5.171261482428397560e-01
5.467985569739200358e+00 4.948580307464142125e-01 4.849520908926248985e+00 1.748431748271214170e+00 1.163363698093918125e-01 1.495416550159117675e-01 1.002081199910090259e+00
5.439958320002284964e+00 1.136597791631313914e+00 3.748966905859925092e+00 1.473542976522013603e+00 1.732844051162716892e-01 8.532684341176932641e-02 7.434076468258663528e-01
2.062183983303529367e-01 1.085813204301076529e-01 1.245099531634611678e-01 1.169519436263228851e-01 7.321801156807872246e-02 1.070646939316395874e-01 7.664076826220492245e-02
1.218865332336919877e-01 6.649655200980507386e-02 1.348467664375015140e-01 1.537463686026821486e-01 3.815723816979187805e-02 4.978244862154035388e-02 7.035030686261502242e-02
2.790219820329792877e-01 6.514337132636179029e-02 2.490773358472029575e-01 2.825444588148833258e-01 1.643449574668743862e-01 2.054895887705514568e-01 1.857066830472913765e-01
3.002044921423079327e-01 1.084004307606369621e-01 4.874221141908316457e-01 3.509111830751657224e-01 1.053046926985536091e-01 1.265550051219581640e-01 1.953984166738988171e-01
1.400318151470644867e+00 6.365462526901086715e-01 7.291838625220314896e-01 2.071516562836644759e+00 1.706029688553852619e+00 2.861225408291757866e+00 1.208394770875490964e+00
1.373018310681875409e+00 2.439366519135103828e-01 1.246528173065363454e+00 3.717699758151123302e+00 1.718573276242529202e+00 3.292732879376099486e+00 1.651936196256967193e+00
2.838744736060461182e-01 5.180992927952143834e-02 2.378737132659393128e-01 7.014011534762234490e-01 3.709590120600019802e-01 7.734034744415968499e-01 3.088448688943555842e-01
9.615466957145760718e-01 6.872864902421307320e-01 5.859175432005493400e-01 1.551307868681541802e+00 1.743773962330890548e+00 3.074694142219565052e+00 1.105959702500463493e+00
2.456127889623290983e+00 2.504842956752802774e+00 9.445311023890279323e-02 2.268114977958759770e-01 1.333978328441564942e+00 8.667484368673668005e-01 6.121336365789490364e-01
2.108338327423301684e-01 9.366132802714979277e-01 1.739061415089611096e-01 4.094728955807384052e-01 6.894907357080752863e-01 8.838949955503314637e-01 4.549001014566353973e-01
7.810521024934338752e-02 9.784986565202108411e-02 4.317330050055825236e-02 1.018727750231470663e-01 1.055878833401637240e-01 2.089358309606239583e-01 7.102839706575586609e-02
2.562049490697693166e+00 4.287593747747905581e+00 1.053878599811886863e-01 2.520317157513182194e-01 2.056461075368390734e+00 1.669452552733275752e+00 9.348571300259783667e-01
2.328831794878359229e+00 2.095367080998902232e+00 1.743539978980863936e-01 1.783148941275512489e-01 1.027240765315737825e+00 6.129197023569555869e-01 3.761484865151595303e-01
2.264004047023753685e+00 1.343015812486182181e+00 4.158153989757837343e-01 9.050616304474374818e-01 1.080528844893840379e+00 6.308453415497065064e-01 7.297170721576868857e-01
5.344369298591600259e-01 4.578151691690857672e-01 2.415503331362884865e-01 2.548878442053641447e-01 2.888915261312978155e-01 1.701859932169303147e-01 2.393879356335827935e-01
3.297466264757797472e+00 2.367696083439716936e+00 1.419856074045726946e-01 2.828160114910195366e-01 1.426352293327134202e+00 8.253461190832438454e-01 6.321615766376051937e-01
8.791947691338025672e-01 4.400955744130098601e+00 1.016241755206757497e-01 2.314495434242914429e-01 2.652012326709783707e+00 3.295857526471012822e+00 1.221960994672898870e+00
3.407203458180009248e-01 8.983770926193090922e-01 1.559630123751821751e-01 2.500027436459817953e-01 5.701670396077878067e-01 7.830361414831027433e-01 3.290188086790390987e-01
6.166320035288317403e-01 9.325660626053151603e-01 2.683265246037042084e-02 9.799354802837179079e-02 7.692004881294257634e-01 9.763485040706476603e-01 3.042605863583173753e-01
7.738865748771044384e-01 3.070460845187098275e+00 8.635245928276560901e-02 1.220033933387625891e-01 1.712139925222322612e+00 2.185761912412680363e+00 7.888391606016198487e-01
6.043530024720432436e+00 6.809228236309891713e+00 2.590342817215187221e+00 8.939549453140520630e-01 2.630160448427792730e+00 2.168763327697393883e+00 1.403991624947685368e+00
1.807035121526601618e+00 1.390060228178257251e+00 2.221352854001132915e+00 9.218111303194438388e-01 7.576685894058005077e-01 8.590474774717176132e-01 9.364481677293320372e-01
3.202692842691576391e+00 2.193520480058217537e+00 1.999767032224388563e+00 7.724906086186044130e-01 8.694968433553630360e-01 7.352017842333147257e-01 7.090797811713140941e-01
4.450879198278945736e+00 3.472897686059943645e+00 3.893799331187496549e+00 1.496336158236850622e+00 1.364976009567177018e+00 1.465847669622472260e+00 1.465756443697265432e+00
1.066481129237150660e-01 2.066919585035566165e+00 9.984672547276063348e-02 3.125572994459232395e-02 1.239735909624925414e+00 1.411068719713371777e+00 6.181408639982585163e-01
5.420115521827393451e-02 6.613323774608710348e-01 1.942013094954999630e-01 2.433183358268746210e-01 4.442050207697151309e-01 5.292491787205513276e-01 3.217276762926060685e-01
3.800424813578613947e-01 9.934072903406524491e-01 2.690583112132249877e-01 2.784681422025946929e-01 6.023514952588127080e-01 8.117223408996059320e-01 3.916459387748464915e-01
1.413349721625534183e-01 3.702392528308248831e+00 7.826931747697969399e-01 4.816286564124632186e-01 2.508682731413219624e+00 2.913309968874555622e+00 1.586729798783187428e+00
