8.480500982114830277e-02 4.985481329331643008e-01 3.446649712775251118e+00 3.624109702564458635e-01 3.726793915659773582e+00 3.757046759479899745e+00 7.487153584205905599e-01 4.310035511703613764e+00
4.871817133511741060e-02 3.180431982095648369e-01 2.441993461301619206e+00 3.361516706477007954e-01 2.960761545080493384e+00 2.936214283431792360e+00 7.057634394589793470e-01 3.268204944232919296e+00
4.684338317986581207e-03 2.074101516215656194e-01 1.394888805162065815e+00 1.499412365053192919e-01 1.331771734386870687e+00 1.342841427459018577e+00 3.503666772405548135e-01 1.682906233087125392e+00
5.595470188614785206e-02 3.516530680124783648e-01 2.040004890983579067e+00 2.350263517151489900e-01 2.635405858329090467e+00 2.632362038964002782e+00 5.147398311792115155e-01 2.823710537236011398e+00
3.577592831378734184e-01 8.903021325036718225e-02 7.584463776239439570e-01 2.555481116782846174e-01 5.809004754951132554e-01 9.114693590500850817e-01 3.871636440168775284e-01 6.059555200198885050e-01
2.437816916699313829e-01 8.245692607082802383e-02 5.840128622219908916e-01 1.949057894831419113e-01 2.387881289030123755e-01 4.095002260223382651e-01 2.218679911850659492e-01 3.960036782498592145e-01
9.631267254423722668e-02 2.348735336172669969e-02 1.849906299166860779e-01 9.485333015703564796e-02 1.208949318359547470e-01 1.852971365341762322e-01 9.574133608665580386e-02 1.400388937123046573e-01
8.094018555756975486e-01 9.418358135956553245e-02 9.774921050679641343e-01 4.683706437404283607e-01 2.828197420396922901e-01 6.085196979932600003e-01 6.080492365465628435e-01 3.905388511192006140e-01
5.469739845330785499e-01 3.070123016634843105e-01 1.879254826980344850e+00 1.862234396313507512e+00 5.697339584785343636e-01 1.307129673157467975e+00 3.373140111080004111e+00 1.234883028572058006e+00
2.044289066974351865e-01 4.856024020108266059e-01 1.365370400795373085e+00 1.079715213031994692e+00 2.726854575061441466e-01 5.500016289132528824e-01 1.922128025412500829e+00 8.972267467118065776e-01
3.696534243364782979e-01 7.554961245947686699e-01 2.441136280553805049e-01 8.964710692394448621e-01 1.263315487227379963e-01 1.906746171055996864e-01 1.688279654875068703e+00 2.303327952201791040e-01
5.111598042181255686e-01 3.643683444381102809e-01 1.345704387311636774e+00 1.328007206875036150e+00 2.649027069777125654e-01 6.346835910102415212e-01 2.377053431789628135e+00 8.320751571847504469e-01
3.799231735694834078e-01 2.343272333095831050e-01 7.050106702017828741e-01 8.123344319386556212e-01 7.575881529401109482e-01 1.312747076924523082e+00 1.389864947035038156e+00 6.878133252803769748e-01
4.432825358906420377e-01 5.343603189273000709e-01 5.435246090648366835e-01 4.326863077510011424e-01 4.448457154120723511e-01 4.946020436224833339e-01 5.169082526064564531e-01 3.801550095615519043e-01
1.320831835214890948e-01 1.682623239232125256e-01 2.825495264086092528e-01 4.478311382608079483e-01 1.058924336871360117e+00 1.291704164731479754e+00 8.674947531558515612e-01 8.551008636964039233e-01
7.921810610596986990e+00 8.103825166574904482e-02 6.753342464173919701e+00 2.361506856437857849e+00 2.887255139590892417e-01 2.240245054340385789e+00 1.556747425957537345e+00 3.174602556046406399e-01
2.733538074320706723e+00 1.300796058718531611e+01 5.855499340763268279e-01 8.800155289547998194e+00 3.081582311726054790e+00 1.154645177307439097e+00 1.405822852715758842e+01 2.205951607518357172e+00
1.612753646369470717e+00 4.000682275235023511e+00 6.086193521451057631e-01 1.253889373788045436e+00 1.452973661617762424e+00 6.243092052337211040e-02 3.533849637817260692e-01 2.822634912756727399e-01
2.657875335259676675e+00 1.200957273735757802e+01 7.676554121737470295e-03 5.204920631803096498e+00 3.952314953916338247e+00 6.613857467723317507e-01 5.525726618276033619e+00 1.070188714350468473e+00
2.937222140596718045e+00 5.634257710944749142e+00 1.398287448911468944e+00 3.530183233917624008e+00 1.496865282413896381e+00 4.636846234818964851e-01 4.474639147704727371e+00 6.630839767628387005e-01
9.945558399433604979e-01 3.891616626729975659e-01 1.078205005949578466e+00 3.740902584433187239e-01 1.791022850626655949e-01 2.502013015190576173e-01 4.201422942756586343e-01 2.753739285084697563e-01
2.916103652698796012e-01 4.115064629304743815e-01 3.228259052756159431e-01 1.390181484905604337e-01 1.597547004896708867e-01 4.945957511908671833e-02 2.400523448242247032e-02 9.836213727335293977e-02
3.414898090109940165e-01 4.463483020900597675e-01 4.293511564500607225e-01 2.219542809565653585e-01 1.921986315976894621e-01 2.105804513545995182e-01 1.843450156416531482e-01 2.344716841048996303e-01
1.189796885886866384e+00 8.897785123471206870e-01 1.070652746197319649e+00 6.368375908601758839e-01 2.807745298943039036e-01 9.752879444889288318e-02 4.773659952920069616e-01 3.167338676220818883e-01
7.422817129898932886e-02 7.410260907298278354e-01 1.863936571499762218e+00 4.267815129624772941e-01 7.340465952221473245e+00 7.170993041849391680e+00 1.200633155915392214e+00 5.850677539675284144e+00
2.048161073828080880e-02 7.542298095328787699e-01 2.677683301451279974e+00 9.504058656410759032e-02 7.288528427472593663e+00 6.965979047891030618e+00 5.394414648425666092e-01 6.283783934612182875e+00
6.208733331535673181e-03 2.314833506485551862e-01 1.418575725465272885e+00 8.568357874886770031e-02 2.210463269506969475e+00 2.143202861700299167e+00 3.056414469626839159e-01 2.206616929477299482e+00
2.234175797353146475e-01 1.303986912031925183e+00 9.907023635861101907e-01 3.544867923283298583e-01 6.802686116105708614e+00 6.202497456419436617e+00 4.851765470741357111e-01 4.734927801050783813e+00
9.959257267316048989e-02 8.843962502021660010e-02 4.204361288921424911e-01 1.411094998696497405e-01 7.284861077153902409e-01 8.496229390508169832e-01 2.270676632619101909e-01 5.803122331499337427e-01
7.168874110935812005e-02 1.041838974490811032e-01 5.605333681357453912e-01 2.446426839637716733e-01 5.878556135232837487e-01 6.633090198794593384e-01 4.731735292595751208e-01 6.997563128702513069e-01
3.339333515667095714e-02 6.766171280799068710e-02 1.156158931972196546e-01 9.115793935539998061e-02 2.954316699392218193e-01 3.372628343408130558e-01 1.733184277606529267e-01 2.529350549590005937e-01
2.904899335703901020e-01 1.370909726467467726e-01 8.668902398387552388e-01 4.265818351547058795e-01 5.596665800699990312e-01 9.075247206149937851e-01 6.953492400279800423e-01 6.671686327931383165e-01
2.596993155387710139e-01 1.911949679128389090e-01 8.084268734075794605e-01 2.642071726787820651e+00 7.925719902425074626e-01 1.529793743078388335e+00 4.967080738341784318e+00 1.092595639758507264e+00
8.518555481424269771e-02 3.757844750977974990e-01 7.986782917387139635e-01 2.402519126361513102e+00 7.259012673388421932e-01 1.056598444079043020e+00 4.797760040390391723e+00 1.234675636117096742e+00
1.039735176437447617e+00 4.702878534121347487e-01 1.447279110690464332e+00 1.054029540509298535e+00 2.508747714250779137e-01 6.121828714268342519e-01 1.675264651587465625e+00 6.238280195191689970e-01
2.899667656333386745e-01 2.213875565450315885e-01 6.883233891238541569e-01 3.218267898535614790e+00 9.925497398294992335e-01 1.884527833962757359e+00 6.084538170741981666e+00 1.213513661506576691e+00
1.265016700565418373e-01 1.977211274403756769e-01 8.427628352153361535e-03 4.576523414822182834e-01 1.238467342579406605e+00 1.511934247856736580e+00 9.293054824283650817e-01 9.726184373868305144e-01
1.631873090149750238e-01 2.136898625579090605e-01 3.113176735598388589e-01 2.612271941098386341e-01 1.187369777669745829e+00 1.302009316824527696e+00 3.901722165847568147e-01 8.016989430255759830e-01
1.340456983952522108e-01 3.531711813312976012e-01 3.166417208945616624e-01 4.633033054215531799e-01 2.994496342382468868e+00 3.064466785765289636e+00 8.501091768980018060e-01 2.092585528252914884e+00
5.446885795590031831e-01 1.434505978433587015e-01 1.130557512013192323e+00 5.516701550328564352e-01 9.958503314868230039e-01 1.564792335382620081e+00 7.870567003688893060e-01 9.769614959171869506e-01
2.335787411288893445e+00 7.877407738274345483e+00 3.973026267236177134e-01 3.863243900813901899e+00 2.708248938647720205e+00 6.716498373095822760e-01 4.393784451779868760e+00 9.326644463467348434e-01
1.628635297369438684e+00 4.740502095766453650e+00 4.702226628584746382e-01 1.320837456286400480e+00 1.947483271449351516e+00 2.293463890747518275e-01 1.566254463595093682e-01 3.858174626084165948e-01
2.953457176416575347e+00 1.209292296358759700e+01 2.221032002068406008e-01 3.404563898254890919e+00 4.748470026517455977e+00 4.981054823661607567e-01 9.480562716445180005e-01 8.820277307512170983e-01
2.648269288785663811e+00 8.542443782823610832e+00 5.333541317976758789e-01 2.794384084655840539e+00 3.122649749869137459e+00 2.195015527368649189e-01 1.333201257477372170e+00 6.460342957089387772e-01
4.704916409396944776e-01 1.381223936140499597e-01 4.616546710610255344e-01 1.930412067569925727e-01 1.815314148781167203e-01 1.425195177685805170e-01 1.655685608864984060e-01 1.323727827273164237e-01
4.892641503579290285e-01 7.048132538616463938e-01 3.739816588367381733e-01 2.172207734095592258e-01 3.520277962124054305e-01 6.855479696211159990e-02 1.232919904511614075e-02 8.446295426471023271e-02
3.978204422723019551e-01 7.726294103519439904e-01 5.540748465157423475e-01 3.323006448143014380e-01 6.693171982014056720e-01 4.763249367451800609e-01 2.349906127435628100e-01 4.048086747337053537e-01
1.715574992799918430e+00 9.941067838220247754e-01 1.661644765098663212e+00 4.683825951083783190e-01 5.767281791441395411e-01 2.238120693156298302e-01 7.223349374210542850e-02 2.972522415873140589e-01
1.625027784746707893e-01 4.782099205581631929e-01 6.415332820010722692e+00 2.880978429864139989e-01 2.617680681721494818e+00 2.818555246356207356e+00 5.258365403483480360e-01 5.066660071979735669e+00
9.769442475458481323e-02 5.212269733319593312e-01 1.315475952501690493e+01 7.194747285940955583e-02 2.726459149242201896e+00 2.732358152593927780e+00 1.589176604775349166e-01 8.735622471878645712e+00
2.554622206419896596e-02 2.148983112319406974e-01 6.780485805722308079e+00 9.807150410313303368e-02 1.172777659264209404e+00 1.184394972121846745e+00 1.862510518007406968e-01 4.338760862725591139e+00
1.721172820459226649e-01 4.080154203435160665e-01 5.757952670915182480e+00 2.217483605360004717e-01 1.726636249144342328e+00 1.821098789243053684e+00 3.965140560857562946e-01 4.083902546577375503e+00
1.066910161979864047e-01 6.820157752758640446e-02 4.577036174879203778e-01 1.592489228614531183e-01 4.780596490518794761e-01 6.096329494302834551e-01 2.843813757883761895e-01 4.640362973926094314e-01
1.414825717977019337e-01 1.570351913077130679e-01 7.865514196952974046e-01 1.735524266153773976e-01 5.004064062085548104e-01 6.791767378241798658e-01 2.467672953732431007e-01 6.619775190043266644e-01
2.508862628677457213e-02 8.421386153268868580e-02 3.208922716025871535e-01 3.216350864006631977e-02 2.949211576106861576e-01 3.011119966012986704e-01 7.278241205058805230e-02 3.624718695540323221e-01
3.478353058800993103e-01 4.939743383387892872e-02 6.281716837511557294e-01 1.752427091932910186e-01 2.533857313153599633e-01 4.049926637731821044e-01 2.224812283122328538e-01 3.742557171225975865e-01
8.129965495376412221e-01 5.420229060636561069e-01 3.604072885452039188e+00 1.060088989955371819e+00 2.266470677991030969e-01 3.864471447731502307e-01 1.646459019879515040e+00 1.868558467633813169e+00
1.427278438569058006e+00 9.015273951564637400e-01 5.374080005536245430e+00 1.222799175102861513e+00 3.128821505340927400e-01 2.831444986258604413e-01 1.815008305583899473e+00 2.642510632424370343e+00
2.812901560210202323e+00 1.005966212665732717e+00 4.264957318308559842e+00 1.031787412256414349e+00 3.203287323982535462e-01 2.367845845138682320e-02 6.681012299348391137e-01 1.312010114482975442e+00
9.446265730060283694e-01 7.025998048953278063e-01 2.713290328708635624e+00 1.458066479306453278e+00 2.404660303555612444e-01 5.213655777979866457e-01 2.509600754674743861e+00 1.426271127725086796e+00
9.530177572297364452e-02 1.380427266249599216e-01 1.989521975747582383e-01 3.802066494918809880e-01 7.999797585634161878e-01 9.649513196872933074e-01 7.478452590741815342e-01 6.628686993893947443e-01
1.334416382232758713e-01 1.642627063525657627e-01 4.544624257118773381e-01 1.779595980261407528e-01 3.517405401721585001e-01 4.821824475599083559e-01 2.594272776134350367e-01 3.597329139312772650e-01
5.640303350302892926e-02 1.705716216244321515e-01 1.739063773768123322e-01 3.439981960525435589e-01 1.173752592447770970e+00 1.242992587086998446e+00 6.510549941184045064e-01 9.049372108399877934e-01
2.660936491784226532e-01 8.643507537888089898e-02 5.454771679457649514e-01 3.472393520483251228e-01 4.692083524962752938e-01 7.750468279209059563e-01 6.302688651186901803e-01 4.126672468415097939e-01
2.986921276619364463e+00 1.292239087226433902e+01 1.660735172717246744e-01 4.621404519953073553e+00 4.369190243632119497e+00 2.789772689474891432e-01 3.361841734501452184e+00 9.023444878123905166e-01
1.314587398379846395e+00 3.786562980764381692e+00 5.771650668979133592e-01 1.025005733425093712e+00 1.479636798434960987e+00 7.315548628469298320e-02 7.944710572605298560e-02 3.733573009227371120e-01
2.533175614934010333e+00 1.082289320439229918e+01 6.888897717569492096e-02 2.832405019265855195e+00 4.132915155199153645e+00 1.766747306298938336e-01 4.404489040151221002e-01 5.814072934075751320e-01
2.168044167799673350e+00 8.451483742269278565e+00 3.629562362887587268e-01 2.634125475975797048e+00 3.008947340834496664e+00 5.832917764186817955e-03 1.101589661974682555e+00 5.037163404325732952e-01
2.501912755244743991e-01 2.409494186927065018e-01 2.094310674205968059e-01 1.293300976658958434e-01 1.278530082547608138e-01 8.958957929108124496e-02 9.218394332750906583e-02 1.137440382129071004e-01
1.546938579668710734e-01 1.841939531361898030e-01 2.876292108448825768e-01 8.080874571717314159e-02 8.832178042193117307e-02 4.210052219256645023e-02 6.885596081106344635e-02 1.115701461782686865e-01
1.681995260110807633e-01 3.813317747306857464e-01 3.280802376431789513e-01 1.916037804443507520e-01 3.267178805643786710e-01 2.649010490651693694e-01 1.800789446344415179e-01 3.280405679369020056e-01
7.826656097366826437e-01 8.943935274914751599e-01 8.389485584505336213e-01 2.219864904241858061e-01 3.466198590951066749e-01 1.876435983504374030e-02 9.084060098559514421e-03 1.699794178436992986e-01
1.285848819812658028e-01 4.817847270018454919e-01 2.893573441967535409e+00 6.437818256462759514e-01 3.413038046338657150e+00 3.632738646610596867e+00 1.440550977530164367e+00 3.872243981676414037e+00
6.963214037642198595e-02 5.896967208713549402e-01 4.955442743195884070e+00 3.940086513027158954e-01 4.044933980719105371e+00 4.091662029865636541e+00 8.385768594930778086e-01 5.389841471428011843e+00
9.436885045151910748e-03 1.620252128271923442e-01 9.258360862637766697e-01 5.347654038019242217e-02 9.474851385823617189e-01 9.512192940775952010e-01 1.575158943616976337e-01 1.143924514566929673e+00
2.342237665694295590e-01 4.491025777633151916e-01 2.307275161820832032e+00 6.239783784240943154e-01 3.724154059421592056e+00 3.982551858711564918e+00 1.101422209182006284e+00 3.536841225238413156e+00
1.800668339726166023e+00 1.385502541112464125e-01 2.098064507910920362e+00 1.854936989771472700e+00 1.409666863265280345e-01 1.106979696515131506e+00 2.654762649348908710e+00 4.344010426088605326e-01
1.467322803578413826e+00 1.316664550584726867e-01 1.827691334525774813e+00 6.044138385508870392e-01 4.858684418005693173e-01 9.882287509708562734e-01 5.121367612173153283e-01 6.462561046584126556e-01
2.188613319001206092e-01 6.495775493684288748e-02 3.190653356713327726e-01 5.753174394199055824e-02 1.661643960265221653e-01 2.244570542646073807e-01 8.052952122079248126e-03 2.016869256054271697e-01
4.622531592996184102e+00 6.722373801760458956e-02 4.473312835122795761e+00 2.722536960643076043e+00 7.351762709855103051e-02 1.737642402379608875e+00 3.285264817727326037e+00 4.297798151316504223e-01
1.064557202849905293e+00 3.597814582140897999e-01 1.122061197264069277e+00 1.522047233705815517e+00 2.333552221461521747e-01 7.759796551166742162e-01 2.616774318486419837e+00 4.451987319680272281e-01
3.827027789853305051e-01 3.261854032287390126e-01 1.699103531209544382e+00 1.361020592215256730e+00 4.789058925618318585e-01 9.520178896515975042e-01 2.480656417219804233e+00 1.128479576628431680e+00
6.530154011456615892e-01 3.844000383379825303e-01 7.191570663462576452e-01 4.420233307423705460e-01 5.179203527308902377e-02 1.236753467498986070e-01 6.438056010278112584e-01 2.266713300860362656e-01
6.953522075070963648e-01 1.884061816482340834e-01 1.297643116816498354e+00 1.975164985280695173e+00 4.302616687402093798e-01 1.266732581957574766e+00 3.474252894946950221e+00 7.550265143131593693e-01
8.748639371471185200e+00 0.000000000000000000e+00 7.830551281378622441e+00 2.472152810652747945e+00 6.726603134848080368e-01 3.191892769037264266e+00 1.036728016018170440e+00 6.387101933449965685e-01
1.563344293014879316e+00 8.516963262614128671e-02 1.701947204003390723e+00 5.168180222999365636e-01 3.807176986996290147e-01 8.102853560070879535e-01 5.221555319368693659e-01 4.443318777684018839e-01
5.848158257045699138e-01 1.101306708963129821e-01 9.439413237961378211e-01 5.838709889933264563e-01 7.920793313227807442e-01 1.371911275909286410e+00 8.123771891522106881e-01 6.798285885137712592e-01
5.953874605643831863e+00 2.273493965067180378e-02 5.208495048832916474e+00 1.698502246788284431e+00 4.221154588951984699e-01 2.011731767307420427e+00 8.815941099095037092e-01 4.022162653592686321e-01
8.234001529146176779e+00 5.715740321644764421e+00 5.605628514777329485e+00 5.077656394325801514e+00 1.556489689750738536e+00 1.656504243868157644e+00 6.131419113365475404e+00 8.263504894137374546e-01
4.428176997720107977e+00 4.415539867166197396e+00 2.669776547852659387e+00 1.876166003237774493e+00 1.787591171509242516e+00 4.087416882539283147e-01 4.810839298716731438e-01 2.965653005043506485e-01
3.341300805871104007e+00 4.393010178127461529e+00 1.805994071147589253e+00 2.278635968895926123e+00 1.588915232503656849e+00 4.822241895108799747e-01 1.915233593591134653e+00 4.328631674532803508e-01
7.571651967775425263e+00 8.308978564510869802e+00 4.299475074124716301e+00 3.810424969551863050e+00 3.001297142363446468e+00 7.158658821681946893e-01 1.858446106702526190e+00 4.906176339209641912e-01
4.571244625822173724e+00 4.990928380843880074e-02 3.817330101448967561e+00 1.250495481154386690e+00 1.119567242320491582e-02 1.274542953551962565e+00 4.420218957101526569e-01 3.313708031717582658e-02
1.982941856099723843e+00 2.248091393439560493e-01 1.814875265811967786e+00 4.504979589572999377e-01 9.039491620539932826e-02 3.310776384253045213e-01 8.367584718168313840e-02 1.414661071867281406e-01
2.381412519568329778e+00 2.155487269671470252e-01 2.240220127503837588e+00 6.224878947413760022e-01 2.811096400100768222e-01 6.431393359541537347e-01 4.728244445402211005e-01 3.347371440059134784e-01
1.101843733965784189e+01 7.817040965063097868e-01 8.891605704759445672e+00 2.527682738047309030e+00 5.129900292965091646e-01 1.905668096899757025e+00 4.878580190008479645e-01 1.390426290328178327e-01
