5.371549055215434798e+00 1.867177265607480319e+00 1.659532537972873145e+00 1.526108032520404167e+00
4.048471479915362714e+00 1.487061397713935085e+00 1.222817852486488110e+00 1.197782979880076093e+00
2.136218526166271392e+00 6.623786821666212132e-01 6.792391555209648102e-01 5.518040044912567721e-01
3.418105833948545946e+00 1.318710525484024121e+00 1.004323586247255262e+00 1.063682792942144406e+00
6.531964047550444796e-01 7.085168960012523387e-01 1.883263950975175849e-01 4.846933548593249097e-01
5.039816176114597646e-01 3.614513129671693692e-01 2.031123106379963961e-01 2.558045382803190160e-01
1.709974377373490728e-01 1.619579763240166503e-01 5.875350195627016686e-02 1.198020565514207603e-01
4.962175220492254790e-01 8.019343334291421099e-01 2.175448778546867357e-01 5.390989018148284462e-01
1.993992394071538055e+00 1.560267615385245055e+00 1.140216624608316520e+00 1.201085955196965482e+00
1.554521461722219833e+00 6.818706950030904990e-01 9.525913661122913378e-01 6.080380920385199950e-01
2.871272039498248829e-01 4.670373879806768436e-01 5.780560450577784115e-01 4.895318292997024590e-01
1.403618493945590240e+00 9.653677373567723929e-01 9.099873692651606616e-01 7.837381592598033908e-01
7.226243575306496858e-01 1.143510378000789585e+00 3.048377195921264660e-01 8.146606553804548456e-01
4.136280397411919996e-01 4.931361795397548597e-01 3.755800857605887111e-01 4.285276503175921570e-01
8.192968020056672351e-01 8.800576174280965169e-01 1.979127621990768304e-01 6.447178987593209509e-01
4.062701659865628478e-01 5.185550663279869354e+00 1.532283817575288976e-01 3.106976055076998477e+00
2.420940642685617039e+00 2.653112533262686146e+00 7.559968694449112903e+00 4.553006987019755591e+00
1.794579162342446743e-01 2.827614210990603283e-01 1.814740286674271008e+00 9.266334209337404593e-01
7.654203394125747018e-01 9.046934687743037884e-01 5.943702131094056540e+00 3.035451781282019645e+00
6.974728673729753137e-01 1.638217853672295110e+00 3.047579858576765055e+00 2.197949849181041859e+00
3.787600040267768975e-01 5.755254747183234931e-01 3.459692501747455573e-01 4.411541370912707705e-01
1.522561172312635047e-01 1.108038129663041077e-01 2.281328101581109880e-01 1.395058014766658583e-01
2.701632605983231850e-01 2.465711980875586462e-01 2.595110789969523046e-01 2.351366254671561351e-01
5.054122237559419695e-01 5.431075376689390444e-01 6.408906515092280820e-01 5.189658997377166738e-01
5.887410742682115838e+00 3.667288273813202881e+00 1.100735815330321277e+00 2.797681767278319853e+00
6.599876896492003375e+00 3.343663260535902015e+00 1.465577351112243409e+00 2.690411880152694835e+00
2.592710398046921050e+00 1.027747551069731369e+00 7.032358138190537566e-01 8.325393782713739199e-01
4.471746165635877901e+00 3.065707389562574381e+00 1.019689496103080906e+00 2.483652303886485058e+00
6.106701083080710024e-01 5.104876082527911585e-01 1.422237945405000203e-01 3.737440583314828868e-01
8.609233145797395848e-01 4.319983412748180651e-01 3.078351935442123488e-01 3.398818676890050794e-01
2.730991053625277387e-01 2.161760780626599265e-01 6.925987652056600496e-02 1.544370264312774910e-01
8.346392972029683666e-01 7.324137666537458013e-01 3.135665424806396429e-01 5.290306668796503908e-01
1.821911069085132562e+00 1.908725635530440945e+00 1.056240561851462756e+00 1.451185428409021316e+00
2.072500954671680162e+00 1.431378240541927305e+00 1.272228703197249011e+00 1.203298439022352007e+00
9.654979709476331218e-01 1.041659144574332840e+00 6.862252479864754395e-01 8.004427432790086616e-01
2.060420423803011936e+00 2.331838966326725160e+00 1.167858799540074211e+00 1.759663521209119619e+00
8.301688519385869158e-01 9.988193939416780687e-01 1.650472299612791571e-01 7.331698175723561084e-01
7.241080934014856307e-01 7.920628880131771465e-01 1.775866176821992437e-01 5.953686125382897654e-01
1.928361791572416051e+00 1.742629915114260353e+00 2.951817545404246124e-01 1.298174563351453870e+00
1.040162497890936955e+00 1.236824238249984109e+00 2.896835582778639617e-01 8.464881970115093468e-01
7.473233030173086489e-01 1.133585149591131103e+00 4.021280786644565453e+00 2.369526639925032541e+00
1.994424959304244571e-01 2.204772673120909410e-01 2.124455729943069748e+00 1.050034673757238801e+00
3.861390384626681715e-01 6.230749895921498804e-02 5.437458539472733499e+00 2.429215733199411531e+00
3.691917176545261303e-01 3.565557902581119043e-01 3.938980892735512995e+00 1.913619017198719741e+00
1.958966431286376375e-01 2.837035077188967414e-01 1.627415328949195772e-01 2.227365107647293896e-01
9.598141664682101337e-02 1.486684797231255240e-01 3.627374275483676858e-01 2.296955330065148515e-01
4.566572572533973973e-01 3.436450192939547454e-01 5.084416888849863092e-01 4.040929252659568593e-01
4.659260476673586782e-01 6.962742612544661203e-01 6.639156626129101291e-01 6.326839940336416168e-01
7.427353817101058908e+00 1.275775011212892496e+00 2.818130384271797073e+00 1.183283310605429905e+00
1.392268048545606440e+01 7.518716256939896869e-01 5.763682969136350920e+00 1.119560178907146319e+00
7.087385888128474143e+00 2.947249880305953251e-01 2.987837997060310613e+00 5.032061590980729804e-01
6.229943375209117562e+00 7.759600351507367488e-01 2.512065169829714950e+00 8.038718632116420570e-01
5.198028607847313687e-01 4.064540746967404972e-01 1.666242208474092990e-01 2.972610978302057672e-01
8.321307646408681036e-01 4.346453848079686599e-01 3.061856982084635304e-01 3.350088762002124132e-01
4.597725478482387329e-01 1.578570247864252707e-01 1.540866453977429995e-01 1.298080453587467931e-01
4.812465765982779642e-01 3.905037202328840440e-01 1.775452166451379210e-01 2.756046700321067577e-01
3.336224153123878100e+00 6.894162248477949673e-01 1.767837400271661474e+00 6.751178137098319265e-01
4.680429466996769428e+00 7.827721103242837319e-01 2.561475882118187997e+00 8.488801837182476939e-01
2.540036617373492067e+00 1.183183440506893280e+00 1.619849568863239941e+00 9.389470947813023383e-01
2.468339106386925330e+00 9.920484807758024326e-01 1.551469592775934769e+00 9.002903045891013090e-01
6.316161170998115804e-01 6.719081352134302909e-01 1.810754740841681310e-01 4.962865747267564687e-01
4.087303019941549431e-01 3.371169885349939443e-01 1.971145269334206584e-01 2.672711817489830111e-01
8.699730251591764052e-01 7.675800336859964768e-01 1.988452479346399793e-01 5.771544335893823430e-01
4.282815301946872877e-01 6.323756769864452565e-01 1.558902774232322486e-01 4.508469561057569241e-01
5.475501080728579772e-01 3.532764261389445548e-01 6.072300386609018830e+00 2.798004399585891644e+00
3.345083198168385952e-01 1.401225836410446290e-01 1.748465881354381413e+00 7.803680301192224000e-01
1.120213028118231535e-01 0.000000000000000000e+00 4.686246629205823133e+00 2.029176521857995130e+00
3.169514261154520174e-01 4.385318602125171106e-02 3.932159193091337102e+00 1.667289573310089423e+00
1.432314515910342867e-01 1.484105161822371066e-01 1.479275971449504345e-01 1.379884538233944746e-01
1.654888968665540194e-01 7.077888008888710836e-02 1.585724650731361596e-01 8.978379239243186594e-02
4.239774029765968066e-01 1.811410739032860429e-01 3.161590081160048915e-01 2.079026491901932172e-01
2.623586118395749844e-01 2.101649199607072416e-01 4.805034399826461078e-01 2.875803919341987092e-01
4.715718478509836942e+00 1.998402273830734766e+00 1.455798392198794922e+00 1.583316874445415801e+00
7.089493621046081273e+00 1.961334416473448750e+00 2.344455279911531687e+00 1.656683894682279945e+00
1.431019561952582730e+00 4.522830830524632861e-01 4.348906180471271421e-01 3.754428854447632302e-01
4.043776276339315245e+00 2.235043145530046793e+00 1.105365637539239998e+00 1.710214488457636461e+00
9.115944836625513581e-01 2.008610925326617114e+00 5.820231757258967908e-01 1.326950704410564397e+00
8.418766049363483051e-01 1.288740148308156419e+00 2.976702223464147146e-01 8.353827441002770193e-01
2.194760126105688991e-01 2.116996051189858619e-01 6.621438792408361473e-02 1.456106143732349145e-01
9.652038141044105846e-01 3.786933059072261187e+00 6.254882253892597443e-01 2.381039697511490694e+00
7.327505715324569291e-01 1.368039060924461481e+00 6.354372212608679904e-01 1.007339670521170572e+00
1.832357743312796439e+00 1.083910513552886812e+00 1.032538141173197754e+00 8.774374637975496105e-01
3.445503906598353927e-01 4.105266023024832789e-01 3.572101224904995487e-01 3.419308832637489859e-01
1.267463310831048240e+00 1.692307198818543190e+00 8.019104891976677196e-01 1.232499983098346519e+00
7.446574554298558413e-01 6.074663056306192743e+00 9.672544011357916971e-02 3.596410456272200573e+00
5.254108443496798841e-01 1.209984756703968323e+00 2.092875550229809090e-01 7.777430881368017079e-01
6.987750042391873695e-01 1.196682412976002086e+00 1.627641260206093565e-01 7.926255932111789804e-01
4.651554247935095199e-01 4.060047931305364344e+00 5.522265237317693087e-02 2.410425457483990730e+00
7.242704578652588987e-01 4.886388330417568149e+00 3.300991328477508091e+00 4.194202825285120007e+00
2.018296507841097764e-01 1.699581260686244155e+00 2.048588979991918801e+00 1.869612231855045881e+00
3.198468155897231102e-01 1.480989405910148715e+00 2.207851439342754407e+00 1.805873728799884947e+00
2.123463764194631342e-01 2.961371599133723720e+00 3.902642398583823447e+00 3.423328891936494145e+00
3.922673648904695387e-02 2.944100617763472094e+00 0.000000000000000000e+00 1.724730387987303049e+00
2.522794275152099308e-01 1.068704544343531460e+00 1.704260397287758189e-01 6.646590138263573921e-01
3.870523720914265109e-01 1.434427204377825671e+00 2.662793191546615201e-01 9.302252492020551822e-01
2.531392592209851800e-01 6.047821597737645938e+00 3.963577125871904916e-01 3.735977331079446184e+00
