4.097401142333439772e+00 7.545748832148181373e-01 2.270241491463760308e+00
3.133732559246514171e+00 5.696268713321039900e-01 1.765618159483060001e+00
1.608420351446849583e+00 1.913516435508744729e-01 8.929761558739532923e-01
2.678488703032966267e+00 5.313796476808674285e-01 1.499292469599066591e+00
5.626921378109321914e-01 8.669000845662298005e-01 3.564810274938881030e-01
3.758983483438900208e-01 4.951671202328959964e-01 2.350138464302061470e-01
1.452635349792744113e-01 2.115700861891575690e-01 9.128531901645905999e-02
4.207542110656523615e-01 1.258444554864967202e+00 3.230316314557885593e-01
1.729703568590032603e+00 1.846497216261718144e+00 1.577252429121328126e+00
1.258464134930225686e+00 7.057621922703570805e-01 1.100255940378184860e+00
5.117798715191780312e-01 6.283329099984483745e-01 7.535763631200755874e-01
1.209317093609137750e+00 1.182580071557405077e+00 1.140917973011484898e+00
7.946271768838391036e-01 1.334598956827620642e+00 7.086798837119825389e-01
4.797402808580887301e-01 6.756349482830159570e-01 4.778315814295095443e-01
8.524246206547212434e-01 6.947677056511460947e-01 6.244552885141206877e-01
3.313118041868560182e-01 9.890571175447790964e+00 2.798875244187268851e-01
5.948366598431499952e+00 2.881277486905235108e+00 9.084594784021483349e+00
1.137573869964074280e+00 6.158490910921501360e-01 1.808895657544460356e+00
4.016404475988805345e+00 1.108791374911719085e+00 6.517341388393467660e+00
2.198181390388356693e+00 2.652006233762021381e+00 3.473898332382955978e+00
3.523947752783342380e-01 1.066473737903290919e+00 3.285798491452927017e-01
1.849234276990375792e-01 2.214402811227004220e-01 2.042861781745909933e-01
2.877392988458593592e-01 3.921023658844942084e-01 2.671352247988377226e-01
5.424806075265107275e-01 1.054096613698344065e+00 5.892520405485293100e-01
5.392475684496176314e+00 1.415869462225010311e+00 3.095685526771388751e+00
5.786143677988031975e+00 1.046646625195329250e+00 3.109736947401015250e+00
2.080642029746000432e+00 3.211850916088264674e-01 1.135442175237427742e+00
4.427729851253235260e+00 1.222199772167017695e+00 2.761232468734430512e+00
5.607832944619053350e-01 4.217068893121383999e-01 3.461022351360875660e-01
7.027920651085878267e-01 2.980583173905717587e-01 4.620349322573154005e-01
2.549267949400467193e-01 1.408964321072834203e-01 1.731303307132728286e-01
7.095014580427525530e-01 8.580007060651932971e-01 4.974068078744089405e-01
1.887993373516581475e+00 1.777459633055361365e+00 1.995589712930932347e+00
2.037716303361600367e+00 9.881580506009237652e-01 2.075403748332883769e+00
8.680099838945771751e-01 1.587484939894028946e+00 8.313943007389976714e-01
2.209313927108652820e+00 2.107943177079516950e+00 2.393515013066283004e+00
9.125787364981400307e-01 7.977754352778565483e-01 6.620877176205002268e-01
7.746185018825755275e-01 6.475600563217213113e-01 5.403733761492127696e-01
1.971967490672304146e+00 9.741788730319779210e-01 1.269962687211483532e+00
9.324575691133801802e-01 1.494322025640802742e+00 6.207011661798949032e-01
2.910853568355059817e+00 1.522863871588554519e+00 4.527754857713182979e+00
1.363666226023831696e+00 4.948776687904619109e-01 2.126852210022010858e+00
3.466767014446395123e+00 2.424927289147245091e-01 5.522759930103454451e+00
2.516744387187277887e+00 7.751686215649189471e-01 4.016043019930310543e+00
1.920665791873300554e-01 5.010567500865210633e-01 1.664267973225602992e-01
2.466322307879135478e-01 3.020477572762573226e-01 3.484915419562572003e-01
5.700803196480429547e-01 4.440646083781207842e-01 5.689843640604743680e-01
5.501409249355437847e-01 1.389089689925121052e+00 5.775305710738680709e-01
4.950333915604860913e+00 5.623272579158140605e-01 2.553664035413860667e+00
8.549650799087231690e+00 0.000000000000000000e+00 4.238787760736763666e+00
4.292539640257235334e+00 0.000000000000000000e+00 2.132393735316823857e+00
4.041932810365796769e+00 2.879275970926936656e-01 2.081781094257529219e+00
4.537301989220800524e-01 3.881948977264364498e-01 2.961624335314686496e-01
6.403621200736524521e-01 4.499018268210112081e-01 3.815102119909349332e-01
3.505217126575529418e-01 7.392703023095892334e-02 1.967050931867047880e-01
3.630736406815534556e-01 5.509955586482710999e-01 2.152200496776289218e-01
2.222240127027323542e+00 9.207067125576526845e-01 1.494007893498763062e+00
3.077834654641590895e+00 1.187435093685689225e+00 2.007068033957345676e+00
1.719602412274549463e+00 2.278708771131030097e+00 1.186352576010546445e+00
1.866386239047136408e+00 1.369546039560610939e+00 1.538770040694818597e+00
6.600554224299772788e-01 5.408877016916724401e-01 5.055392697950341629e-01
3.766111054196024099e-01 3.866099541059161426e-01 2.789292603511259738e-01
8.829716561050983126e-01 4.577164524386148070e-01 6.194721663978810522e-01
4.417778236816300441e-01 7.699510444029797895e-01 3.528904220138492365e-01
3.910329560063164678e+00 5.215804528948650987e-01 6.377676530554445833e+00
1.152533485671298097e+00 3.116857600113170368e-01 1.707819303631241903e+00
2.864128573279741463e+00 0.000000000000000000e+00 4.802163715325433735e+00
2.436685958559998699e+00 1.841509592457356292e-01 3.956111684249050686e+00
1.512981970929211384e-01 2.589552706110611613e-01 1.467540704428742515e-01
1.558647740696703088e-01 1.330644392746318794e-01 1.350863959756542498e-01
3.975444612521500387e-01 1.929438108210528302e-01 3.408914786383821505e-01
3.671413928937192206e-01 4.226970260158956494e-01 4.323352434792774868e-01
3.733176410187916794e+00 1.010641621789579281e+00 2.203639957530583615e+00
5.165003626484726773e+00 6.827043823869196615e-01 2.792510229790784226e+00
1.077282361415081269e+00 1.488937742504417572e-01 5.786589500183290102e-01
3.381955881390353635e+00 1.393570057026868536e+00 2.000581379884478483e+00
8.663571978807820262e-01 3.164813714530481992e+00 9.494827572319868292e-01
6.457530961342948794e-01 2.094199676387728637e+00 3.966781095249191091e-01
1.672920943298744079e-01 2.979206683371541375e-01 9.312735656811559071e-02
8.955550638494351734e-01 6.657097409058143178e+00 1.000097639378589420e+00
8.345936811428089630e-01 1.969576421737791128e+00 9.932734238772332747e-01
1.508054181792625625e+00 1.227776073572715676e+00 1.295923022522632584e+00
3.345773368880732290e-01 7.292057234091475770e-01 3.661845307526441773e-01
1.284357555516572713e+00 2.120228815960911728e+00 1.360385920895289313e+00
5.525981679062798024e-01 1.141693594516040733e+01 2.178682624249677624e-01
4.316545933024373838e-01 2.077461506781135725e+00 2.874352299477763162e-01
6.808906122146236584e-01 1.537756135909972510e+00 4.964154349767047614e-01
3.430925855131296554e-01 7.612227397670467965e+00 1.795134637577533721e-01
2.281943706199991873e+00 9.098006547263329580e+00 3.697529223757211714e+00
1.230484310496833933e+00 3.467019463888632913e+00 2.038701387642517293e+00
1.477437779386983285e+00 2.795154732784718377e+00 2.337977221374401893e+00
2.351570881257068812e+00 6.045183522858951441e+00 3.910529822281678669e+00
0.000000000000000000e+00 5.811337242475158149e+00 0.000000000000000000e+00
1.622260063785388173e-01 2.140075496604445959e+00 1.047210810534665859e-01
3.330993168314059782e-01 2.725200822253753152e+00 2.594473169946449609e-01
1.838445583944437467e-01 1.213824725549019057e+01 2.949877668804712361e-01
