1.566270755814903826e+00 5.093811001012355177e+00 2.080063721465732929e+00 1.193352700590126547e+00 1.107629017916058750e-01 2.601433984573898961e+00 5.303336137066461814e-02 6.084317584459160599e+00 2.011236359941567242e-01 3.492259125994231495e-01
1.287763988198429965e+00 3.853289250468627802e+00 1.455121746939848970e+00 8.854772422041649049e-01 7.933641403057144215e-02 1.803689616106623150e+00 3.109605685072043546e-02 4.810380068071085979e+00 2.146345340836365856e-01 3.322605926227266693e-01
5.394060081590558164e-01 2.006848789765346197e+00 8.593221686436025575e-01 4.166059764050732417e-01 1.308578504832970738e-02 1.050480852193735881e+00 9.298678542878793460e-03 2.236088230855259429e+00 7.851277621377694693e-02 2.099596327519032690e-01
1.144292162196156593e+00 3.144249665353871848e+00 1.272719414087644552e+00 8.122497886051419647e-01 8.543457053381905975e-02 1.527188729716747018e+00 4.124127657391017665e-02 4.308731271012259612e+00 1.155497699600262218e-01 2.019350416770519518e-01
5.520103363749016001e-01 6.026438516081793484e-01 1.713973371559365799e-01 6.784274041843904035e-01 2.399360949104051011e-01 2.459103123970708960e-01 8.849623115659910333e-02 1.053063596236748278e+00 2.181272994668461696e-01 2.811926168614983790e-01
2.967790938599990658e-01 4.224089271037484439e-01 3.035612901144240094e-01 4.828291671256562112e-01 1.387592159509303535e-01 3.070363489657994549e-01 5.773698584317434740e-02 4.134765484203598573e-01 1.296778792897641530e-01 1.764831258023532579e-01
1.531951689445029130e-01 1.591132207752599670e-01 1.190680200136949585e-01 2.660866546339474281e-01 5.002324666114932317e-02 5.892551354194454361e-02 3.257049927559500790e-02 1.855806974675399679e-01 2.881458772828349515e-02 7.311027942219502918e-02
6.525966219357623999e-01 5.352411280987926512e-01 1.418723814229773117e-01 1.070143088804815790e+00 3.746075287539306631e-01 2.868360385470861140e-01 1.744420342445821004e-01 5.030095054243688413e-01 2.766646656942537419e-01 4.819764141286298487e-01
1.879476215886228596e+00 3.045623337509480333e+00 8.716227593898446813e-01 2.775139204237923707e+00 4.079378113419898089e-01 6.971711203364687748e-01 2.977552086925320807e-01 6.821225744261312229e-01 7.853965320794608074e-01 1.980672985017131849e+00
9.458161597712022584e-01 2.060480855921220655e+00 8.712063228317581398e-01 1.513375591751202620e+00 1.917741598556926275e-01 8.722265280917305130e-01 1.808697630577614512e-01 3.070092778837404945e-01 3.846712030501653334e-01 1.089209840339434576e+00
6.755651396503259409e-01 3.228285834974452539e-01 3.538124982079793313e-01 7.198445321693411891e-01 2.896830571217054451e-01 1.740238095829025333e-01 7.071770067388443159e-01 2.265494084511211412e-02 5.649375719754093916e-01 8.364167920590578342e-01
1.250943741948013832e+00 2.016550764561168663e+00 7.270461167272403991e-01 1.868564148604525021e+00 3.082283715845535732e-01 6.531112943380046332e-01 2.465388209270698849e-01 2.837651457100226482e-01 5.912244877029398937e-01 1.313987518026825452e+00
1.094980385926280553e+00 7.128039183993608585e-01 4.864611776233821600e-02 1.280132478664218310e+00 3.451611544728716563e-01 7.991631155747278004e-02 3.663465788186467398e-01 1.368525882704868080e+00 4.369062602860620537e-01 8.896449536601319652e-01
4.362450412932356025e-01 2.970930162074479908e-01 2.613731531209594339e-01 5.069116448999473334e-01 3.844759830560037228e-01 2.010732953462633643e-01 4.593438236879552883e-01 5.424616777457015315e-01 3.764233425554153190e-01 3.592633091522344779e-01
7.988961000110116339e-01 5.632114032488142463e-01 6.996352359758110928e-02 6.035074887116542719e-01 1.142963633849686245e-01 6.079739787606394663e-02 1.634788666246538846e-01 1.910170548216385544e+00 3.062288628588717976e-01 5.578015205385250530e-01
3.556024987780057156e+00 6.872024851167767290e-01 2.592295037820306902e-01 7.160898886728690904e+00 2.757026611018461804e+00 3.647465767609030518e-01 7.296031584402418169e-01 5.607208512019561386e-01 1.881893052751699713e+00 2.419820950332803644e+00
4.509898443873192164e+00 2.363480868476445451e+00 4.913119786264462441e+00 3.598572452117483778e+00 4.772073555480792706e+00 5.124355336674847550e+00 8.502699619669513709e+00 2.678564492258595497e-01 5.589671000470162632e+00 7.558246492660009253e+00
2.159524694972761172e-01 1.012567536084170577e-01 1.276296901767225656e+00 3.146981276199888322e-01 2.160922691224259395e+00 2.104482942164570769e+00 1.269935185787576692e+00 1.074172750051296671e-01 1.162625039390564385e+00 4.458262485541356068e-01
1.674813320046370180e+00 8.700828660472653686e-02 3.801948808691829385e+00 2.633182449715918208e-02 5.036976593143159597e+00 4.657497016035264004e+00 7.219084923905182194e+00 6.011526852503658036e-01 4.123215787518584641e+00 3.320198953978104495e+00
1.798804463821773059e+00 1.243872610557848618e-01 1.692778170721379594e+00 1.835206881426567405e+00 3.020565058628711608e+00 2.264861842145065918e+00 3.513033372942249599e+00 8.488391182318040518e-02 2.780843284886112876e+00 3.098791747287603204e+00
4.079941467745554773e-01 3.632196691075949002e-01 1.539961174790040188e-01 8.001343355464930474e-01 5.925842953732454177e-01 3.938532212056111703e-01 2.817952595689042217e-01 1.719018653826570875e-01 3.507831712037699501e-01 3.421316573883445011e-01
8.320703348993715998e-02 1.122993935786334718e-01 1.676938482437936306e-01 1.804000540064653046e-01 2.696090819572340425e-01 2.729895142594885860e-01 1.500610676781816699e-01 3.251239665096317122e-02 1.334870130914594388e-01 6.089740252596688441e-02
1.617409471062354609e-01 2.308322051564400956e-01 1.675285369764060450e-01 2.917720203752588448e-01 3.015663042431715457e-01 2.494391685274406356e-01 2.154966138931611874e-01 2.242517868547582172e-01 1.772427846290682840e-01 1.928673654262907378e-01
4.061690254052012783e-01 4.257348698987227786e-01 3.603072342484472945e-01 8.104439977907132997e-01 8.416600358054949771e-01 7.297749293568365214e-01 4.213199209406964796e-01 1.855703279436550848e-02 5.407198377006934287e-01 5.197815095978497446e-01
2.991141762310892460e+00 4.901741627277106161e+00 1.117727608174614806e+00 1.358299116776628068e+00 8.188847010567792961e-02 1.071973656970525601e+00 2.213372290858920954e-01 1.213031411168694262e+01 4.446330626052186208e-01 7.166661901191719863e-01
2.599167214662896352e+00 5.401040186903846241e+00 1.681200725226382309e+00 1.017169807013215355e+00 7.661717735214876313e-02 2.010766096778132450e+00 1.830618508080493756e-01 1.207026418594060502e+01 2.459045549219713300e-01 2.495428744454262771e-01
8.293312000642500958e-01 2.319028942950343897e+00 8.908483189190097296e-01 4.384501517131528248e-01 1.529293472732734874e-02 1.091274959108206932e+00 6.755981621037586426e-02 3.617051033591141884e+00 8.472154095792455708e-02 1.108362891627207025e-01
2.326227842117594591e+00 2.823856433272036615e+00 9.747739016938885559e-01 6.135916263549120453e-01 4.122901458460775381e-01 1.027798707527716626e+00 8.447572655845339007e-01 1.072193792022316572e+01 5.515182577631805305e-01 4.335816379818881461e-01
4.038200300539740439e-01 4.621558483188219491e-01 1.154406991365034135e-01 3.346177223871511508e-01 1.201331534147266622e-01 2.125264344521915205e-01 1.978040878141827316e-02 1.210135884345591606e+00 1.331057637927040016e-01 1.756826306400016136e-01
4.094550161027469271e-01 9.548389930336216302e-01 2.977405719358710567e-01 4.233939238840107033e-01 6.627177137989156974e-02 3.485940194817005455e-01 1.014189676101820078e-02 9.320975436933299774e-01 1.296638823626998227e-01 2.839275838474163427e-01
2.032929146149320965e-01 2.897626268850497233e-01 6.688554721624855037e-02 1.260437607262168691e-01 1.415237821865547065e-02 8.236340909192762941e-04 6.198931738729984708e-02 4.870858860128632895e-01 5.646719097318875918e-02 1.231256882162931332e-01
6.834628925141410516e-01 8.728815907896657622e-01 2.867320202909333093e-01 8.516969969671890350e-01 2.169861249245233492e-01 3.248602162824135164e-01 1.136255413035606593e-01 9.432311803935848893e-01 2.840692823568699010e-01 4.543621689778566397e-01
2.645681125604645967e+00 3.076608367793784105e+00 2.954848687057878287e-01 3.217114453838545884e+00 2.203186182876678001e-01 7.390164230020013214e-02 2.602857889796765245e-01 1.237495048752699667e+00 1.013073328026789177e+00 2.822155114828030165e+00
2.240351828967213521e+00 3.652125722811685016e+00 6.110751089239524481e-01 2.779763450347916276e+00 4.050587627642477512e-02 3.439274311148224905e-01 2.884661759408878035e-01 8.623444246523200851e-01 8.321242086245377312e-01 2.595655900116460302e+00
1.027168658388633027e+00 1.361733428428481441e+00 4.643863115151583565e-01 1.606935008020858646e+00 5.920774437112958921e-01 5.615821427978008318e-01 4.353494146143805921e-01 2.626259969612693146e-01 6.401198847125175728e-01 1.051129642122583085e+00
3.280816452433045871e+00 3.237282177718427967e+00 1.803418351869257585e-01 3.834378722208953594e+00 2.445418504128834825e-01 0.000000000000000000e+00 2.971889709104725830e-01 1.794323077299578184e+00 1.217908869957650353e+00 3.415724442251537152e+00
9.176273067098953407e-01 2.105342991288953469e-01 8.842493867994799528e-02 5.363050219956239095e-01 1.364350718184025035e-01 1.625276423431448181e-01 2.324183633408367367e-01 2.309776818159541723e+00 3.361646678154633916e-01 5.392440752550043959e-01
6.571274611205922822e-01 3.676145850277506288e-01 1.006604569888557427e-01 4.206690278029387997e-01 1.848349174216287749e-01 6.074159361280005720e-02 3.163431463260907295e-01 1.912328750373362585e+00 2.577094755782732283e-01 2.811712820337674001e-01
1.418878148058242639e+00 9.530444608509719417e-01 1.466591260781038575e-01 7.301144525150375930e-01 1.054923357724213695e-01 9.352542355003545804e-02 3.415653524580075651e-01 5.125777743486048976e+00 3.957626614689285227e-01 6.988184011516254124e-01
9.919191438552559248e-01 8.954583725551809037e-01 2.183563252893664375e-01 1.242370323738955618e+00 4.109462224852796774e-01 3.184447084439933628e-01 1.466167323442845727e-01 1.779002281469434843e+00 3.855047618615484173e-01 6.333885273817587702e-01
1.545359926409397566e+00 8.503381274656870992e-02 2.388381678397565100e+00 5.255713362220096885e-01 3.743586696692203120e+00 3.599782368583622105e+00 4.695574563264106160e+00 7.041023433835476020e-01 3.027581400087925090e+00 2.697146813103465934e+00
2.435497995544896876e-01 1.092349845200506625e-01 1.468098499702966020e+00 2.710202627724461188e-01 2.553632640872904425e+00 2.077945126453825786e+00 1.465268357601967386e+00 3.867797851785309549e-01 1.312218912230018741e+00 2.598982264200506709e-01
3.988405400931387401e-01 7.318667673298946685e-02 4.117985750030034531e+00 1.894689426549991951e-01 5.765980733045573459e+00 6.500076638842326560e+00 3.849571110451950329e+00 8.616436829718997492e-01 2.719136293930294990e+00 6.985021107782323213e-01
5.546655421706064848e-01 1.252417290434707509e-01 2.834888239845780422e+00 3.059485752283761517e-01 4.212033280021003634e+00 4.503946635527163345e+00 3.121715022745066737e+00 3.630480359719491235e-01 2.287727969327434607e+00 1.010400841313289888e+00
1.819973942823205904e-01 1.475068977881890120e-01 9.492586129568790498e-02 3.531155558660262206e-01 2.856426855816037169e-01 1.836225610455831658e-01 1.076102246881993629e-01 1.509198257912234831e-01 1.841331284624715403e-01 1.904541828506645662e-01
8.418458481964183338e-02 4.908267622071478542e-02 2.108801641609160116e-01 2.309280427226916288e-01 5.317209854330857688e-01 3.319061388662737366e-01 2.313038820709321930e-01 8.612581922350442953e-02 2.541485864198369526e-01 1.135057904157720232e-01
2.692810433629940770e-01 1.655107438208628934e-01 4.200209399739946448e-01 2.735328339137753639e-01 5.517409289656269866e-01 6.721268270078119000e-01 3.996276298006886663e-01 6.503812653577140113e-01 3.343797210477265081e-01 1.750938899185825459e-01
3.577164152638377392e-01 2.924074570189306166e-01 2.817351472013508995e-01 9.575315970537603416e-01 1.257417517246706584e+00 6.390932967734597181e-01 3.798091222187173210e-01 2.298314053622000919e-01 6.531111091388724921e-01 4.061568083560836429e-01
9.464767153798891997e-01 6.663154806125129781e+00 3.731983461219408049e+00 1.401357695078196741e+00 1.784615778464893054e-01 5.216250010519958735e+00 1.022482097746293088e-04 4.294331699280738768e+00 1.078405308961230963e-01 4.002020905242413273e-01
1.117214493100130712e-01 1.167734012743655647e+01 7.887934477588518511e+00 1.424077242838694080e+00 1.328417279596355235e-02 1.115799414945066914e+01 6.773833825102587580e-02 4.458553702519921558e+00 6.534652165591975370e-02 5.804948326201094799e-01
1.960719141469045163e-02 6.105798275148025311e+00 4.089733218710322582e+00 7.850026856097953587e-01 1.262807805394193690e-02 5.709835030796490685e+00 1.598101424567818438e-02 1.836548941060638596e+00 4.170353630667900796e-02 3.585503949937618451e-01
5.446925977452208301e-01 5.575982901373953027e+00 3.366408743338014542e+00 1.088111589058481155e+00 1.515682218136956694e-01 4.691163641374902049e+00 1.104607370972165124e-02 2.782518254863544538e+00 6.820006467289674301e-02 3.219989038550058469e-01
3.228583054338267089e-01 4.929986567888277604e-01 1.308530750564276535e-01 3.266714339406356915e-01 1.058145248556124352e-01 1.475388002405379206e-01 7.910970162968053443e-02 7.914109961588182696e-01 1.374040646516907493e-01 2.094212748232448240e-01
3.397031270137685355e-01 8.059429977633222331e-01 3.121068381894035459e-01 4.467034680173533889e-01 1.589219341190470924e-01 4.175202033828765424e-01 5.187780780094578686e-02 8.463375705555213901e-01 1.284012885632533074e-01 1.702433502421629163e-01
1.499987136411212174e-01 4.382129471795953579e-01 1.928237287956460211e-01 1.109916776208813016e-01 6.282065690346806501e-03 2.195280791665867315e-01 3.057154295078070086e-02 4.809220460214149728e-01 2.978163747627643118e-02 2.410298863167108577e-02
3.118335120481561251e-01 4.360034036260786450e-01 2.137983985655722285e-01 5.113593641668850998e-01 1.838005133363752597e-01 3.018361955777927319e-01 8.252275067379260046e-03 4.591524198541649948e-01 1.098075123444111623e-01 1.481557244278745578e-01
9.238298143124880069e-01 3.683203295611646055e+00 2.099752755367455759e+00 1.982657792999231283e+00 3.886313779472816976e-01 2.653344375686351064e+00 6.902012932865801698e-02 3.001224776996274102e-01 3.213773077934134470e-01 7.717243207277364458e-01
9.720449496196634787e-01 4.984328460567758690e+00 3.093239676378004344e+00 2.386015409966921741e+00 7.258961210613306125e-01 4.206727027135135799e+00 1.039896180162987460e-01 3.106025690816781593e-01 3.889415885407351281e-01 7.369698161065240116e-01
7.268838206674671509e-01 2.494805090488158683e+00 1.536198860934996802e+00 2.277983870348843976e+00 1.435024086991485870e+00 2.345036249193328537e+00 2.833317747809971365e-01 5.963631383035860462e-03 7.807086527499444983e-01 9.069404389953066303e-01
1.286950977522139494e+00 3.029306050727929467e+00 1.593249445388428942e+00 2.290298540417547102e+00 5.005797000717743250e-01 1.782663796112784027e+00 3.001820436011448656e-01 2.066740659203495367e-01 6.306179394948784322e-01 1.233746302921767679e+00
6.294554904167731779e-01 5.242879054197149280e-01 8.183316141848481773e-02 5.278612455047487773e-01 9.213414646729210788e-02 2.919396503503674314e-02 2.132207266488861386e-01 1.397687391761103903e+00 2.082273573649596199e-01 4.234326265289855562e-01
2.827749170189893801e-01 4.358711761338146529e-01 1.438842501971444587e-01 3.206114334758530804e-01 1.822943221992808782e-01 2.375947129177732597e-01 8.991307361551625910e-02 5.339644198026072264e-01 1.375744475716521587e-01 1.487096122793832575e-01
7.268148555777962372e-01 6.915443643317410460e-01 1.031950931677120542e-01 4.953168746573204384e-01 4.845632602864335253e-02 2.329414254302714093e-02 1.557379184934785110e-01 1.993929835580285026e+00 1.876184249025578676e-01 3.714201593159645598e-01
5.423598169926635570e-01 3.948771515696702927e-01 5.301444186155612054e-02 6.431307971327855366e-01 2.310857590133221229e-01 1.029676384863913718e-01 2.123252942286643630e-01 7.929839323010596797e-01 2.387555193796054853e-01 4.150863968631866574e-01
9.635700325849898551e-01 8.360467755845930882e-02 4.328989073036793478e+00 5.238473988835465334e-02 5.795760251842422051e+00 6.828822112658181176e+00 5.593612916108801514e+00 3.307939512634519574e-01 3.403984558681885098e+00 2.107230516677650378e+00
1.386590521152841204e-01 2.265902845458472314e-01 1.242983828988287520e+00 2.161516120695993193e-01 1.968825910961343295e+00 1.539473738897218391e+00 1.271778397837747487e+00 2.109633310824760855e-01 1.057212204787694398e+00 1.724644275066944954e-01
1.715498185812157350e-01 7.712935908836193732e-02 3.647132519985605725e+00 8.322667242475385863e-02 5.074710630927931732e+00 4.703071427523142667e+00 3.495294050427048216e+00 3.594398171409790566e-01 2.545034974317268883e+00 2.869669007234472713e-01
2.819384874372252714e-01 2.753716024282520936e-01 2.983229762192993295e+00 9.323255874864964238e-03 3.873121666031638100e+00 4.193895094600131657e+00 3.112352225108637072e+00 1.448208399580720555e-02 2.163159914974017717e+00 9.030948114245197500e-01
1.087978287974460667e-01 1.037963787439408758e-01 5.926817320076202544e-02 1.810357672095852799e-01 2.414057091010081424e-01 1.735960446495838638e-01 9.161683242952757544e-02 1.012942051796852094e-01 1.293233251164447317e-01 9.207333827946266591e-02
4.392245781602206051e-02 1.222796518395248139e-01 1.419699123985818656e-01 1.231342729107336303e-01 1.878789743014169789e-01 2.872267197409054118e-01 3.801656689783051990e-02 5.112841323049034659e-02 6.175018305706787142e-02 4.343092467078620011e-02
1.381368233115209121e-01 3.060345880897032966e-01 3.193419288503022146e-01 1.397681132376995539e-01 2.288538914037308025e-01 4.166137897521557942e-01 1.913874370711387551e-01 3.590632809276684267e-01 1.753247437061631331e-01 1.659026906220504305e-01
1.116503621670527913e-01 1.669798744436550852e-01 2.544411833684732671e-01 3.271802957771491882e-01 7.846272777256318998e-01 2.847236613892674129e-01 2.561387429233588087e-01 6.514459056111979174e-02 3.666692326661856738e-01 1.456387316792774334e-01
1.792974047981122476e+00 4.718770210282281496e+00 1.662728989427421089e+00 1.448070240412749010e+00 1.733693978650661105e-01 1.974251879725781755e+00 2.633662938897002315e-02 5.640861670700932251e+00 3.755410840906129866e-01 7.371157690221568082e-01
1.628130651424712916e+00 6.619327622714113346e+00 3.046850101333709926e+00 1.329191302706932198e+00 1.039835683094772756e-01 3.971194475108752897e+00 1.648229373260579316e-04 6.670363550298904265e+00 1.850191581862541679e-01 3.918849638720051098e-01
3.551793361277658101e-01 1.239405340989552684e+00 5.417188221840916196e-01 2.612983818363110444e-01 2.415052383721648377e-02 7.571121594591841975e-01 7.072554573215747431e-03 1.604046704740766049e+00 1.900259857959868404e-02 7.833343632529149447e-02
1.884699382116916677e+00 3.782153448256321493e+00 1.226499043876366546e+00 1.462141712466637822e+00 2.467444988016956053e-01 1.312717593017769024e+00 1.593136468497522440e-01 6.039372214221980784e+00 4.714089347868382074e-01 7.130471682386214649e-01
2.012068286578433618e+00 1.747773701282000047e+00 1.831148298890941939e-01 3.163965980810256262e+00 8.152109328204625305e-01 1.686084392369445184e-01 3.599875073625705690e-01 1.778987386582629171e-01 9.587361707926388421e-01 1.905887187763524615e+00
9.340104833130575823e-01 7.420399300176814261e-01 3.762332679725992612e-01 1.624929761856055865e+00 6.180052359701971865e-01 5.265386153662598989e-01 1.328564266560066931e-01 9.214129640267818555e-01 4.319738486359658292e-01 5.950220932525839279e-01
1.393681234074123365e-01 8.228214115281963503e-02 9.739824074894570805e-02 1.885763898887225509e-01 8.339309914441619953e-02 1.785032153966436552e-01 1.834687432118561196e-02 3.234764373645183655e-01 9.605811179772270891e-02 6.396172029078198151e-02
3.199833602074094951e+00 1.365150332177835324e+00 2.370345646456844535e-01 5.566590657960513333e+00 1.773666642573044294e+00 4.095386260593447680e-01 8.003971026455860560e-01 2.956143856644822820e-01 1.646524094363263746e+00 2.880431005827749580e+00
1.495976363564285982e+00 1.338728531374800301e+00 2.396672650365880008e-01 2.112932624952624572e+00 5.318864526708438900e-01 1.736264722209663880e-01 5.318393331140902625e-01 2.263542561917358809e-01 8.038840183092836877e-01 1.607969719848916901e+00
1.361209243305255390e+00 2.681941072514399060e+00 8.838144136564862752e-01 2.051434906944804570e+00 2.895338366520160411e-01 7.930180511192621573e-01 2.009796045075250837e-01 5.489562321617568186e-01 5.646605942464543171e-01 1.367041771953279250e+00
3.987503978027575613e-01 3.188646260838921553e-01 2.627931966066534564e-01 7.119165668992342155e-01 4.135063577052768835e-01 2.599226871780786485e-01 2.327233600829953231e-01 1.002978484931978109e-02 3.294166781094456931e-01 4.080713743999487275e-01
2.005288182437621636e+00 2.357594797176469914e+00 3.504610760868729913e-01 2.739384077157803521e+00 4.126956649344771799e-01 8.953077101627490708e-02 3.627107843167945989e-01 5.426064432897714784e-01 9.271416881866239024e-01 2.102103369736473493e+00
4.093669259327409549e+00 9.930653632180419521e-01 2.424222555486331698e-01 8.221708012171864866e+00 3.071126923763906280e+00 2.456384507193259958e-01 5.264995516475227122e-01 1.368374407788583547e+00 2.045404758527617162e+00 2.563172657595226944e+00
8.613180496861484459e-01 4.051497029164802810e-01 2.041444303107714797e-01 1.476877058915348817e+00 6.893175826927449013e-01 4.120652417987950011e-01 2.157158015039861987e-01 7.046391626408607944e-01 4.029779053380850296e-01 5.041784655355259215e-01
9.578097456633460904e-01 6.287052965457422538e-01 7.017587861720614439e-02 1.285495628428558135e+00 3.876561486418029223e-01 3.310095322879934299e-02 1.580637795151795255e-01 1.419637238084667796e+00 3.711386885979792161e-01 7.463999340083092848e-01
2.754121107645223443e+00 5.759330598788702238e-01 1.790029011516487412e-01 5.421302258596366386e+00 2.075007814040945586e+00 2.065130549241982749e-01 3.941939799512619302e-01 8.571581025286221234e-01 1.418321474809234539e+00 1.765102186356253267e+00
3.846647961528762760e+00 2.947796810651153732e-01 4.055551700651064406e-01 6.251410846061370208e+00 6.117153537507492800e+00 1.554536883209092446e+00 4.227825881737266478e+00 1.619244807358755089e-01 4.618417020431765607e+00 5.016383610421377703e+00
9.932923927264855068e-01 1.964490814425347009e-01 9.013499719667700250e-01 2.358014054186389874e+00 3.866852286580772624e+00 2.256876806138543134e+00 1.475522876984384224e+00 4.901594069068859749e-02 1.921394296102034716e+00 1.073393793950473185e+00
1.155123429510684696e+00 9.050127335342407486e-02 9.034502267998579805e-01 1.529282040391217956e+00 3.289133743748824834e+00 1.974209235553854302e+00 2.352065757194345963e+00 2.253509210879761637e-01 2.128315837114762576e+00 1.703065037142632576e+00
1.930535525817571596e+00 1.845095975659571952e-01 1.624279162526187648e+00 3.871576106285551599e+00 6.698086167302621519e+00 3.474595150694927526e+00 3.458799652061683716e+00 1.396956922322768399e-02 3.785269164686930310e+00 2.587009242780592189e+00
1.884163667501307149e+00 1.244984691616726480e-01 4.955074445568009855e-02 4.300998981486604755e+00 1.652114508499397116e+00 8.628168252739951138e-02 8.128167645785017159e-02 3.555291358188448353e-02 1.045561787455981939e+00 1.349490171294055463e+00
6.117847857258567057e-01 1.892665723169853487e-01 1.562497086072044405e-01 1.524102458528890924e+00 7.538556368877459279e-01 3.137886310872450291e-01 1.090640591214384891e-01 4.176360458624499283e-02 4.624447901901810876e-01 5.051800980169868227e-01
9.134337429036828437e-01 3.517771878548978659e-01 1.732723452080346671e-01 1.934029524784871557e+00 1.042419057950156658e+00 4.209075535826843906e-01 2.022332702394886994e-01 3.788609299904549532e-01 6.276145197947579080e-01 6.355237769419236349e-01
3.541413561578329983e+00 2.080745130451671365e-01 2.876181411958169676e-01 8.487752755752643097e+00 4.345168821558593741e+00 7.225423946569283773e-01 2.398106628121210171e-01 8.134576359387558908e-02 2.605927305124186688e+00 2.872881673308327777e+00
