5.080197981114459083e+00 1.579952311978381818e+00 1.330607976322931041e+00 1.636588070750114587e+00 1.826605902224093469e+00 2.544067594125570153e+00 3.800909797649741906e-01 6.287200020520535837e-01
3.902589030616895105e+00 1.329472598217796619e+00 9.707389277722346943e-01 1.174620413092308580e+00 1.439343980981372617e+00 2.007651129294638626e+00 2.585105659752316987e-01 4.841605340745386288e-01
2.094591497850481154e+00 5.712407128343949259e-01 5.338453216649171607e-01 6.300425407454423032e-01 6.792088518876933101e-01 9.170556026552341145e-01 1.257379005082936430e-01 3.062474861906729906e-01
3.120006508023180913e+00 1.158329241436721446e+00 8.107426459365669746e-01 1.006947748898739947e+00 1.237141573092599645e+00 1.806538341405696801e+00 2.476525424791921615e-01 3.632598139361459255e-01
5.079625506075777785e-01 5.763765346461959815e-01 1.314900983884836894e-01 2.833993634899218406e-01 4.350506569923351941e-01 6.037643953036881950e-01 1.505104016993979166e-01 2.147437161026225505e-01
4.001920738878522177e-01 2.748296713539136737e-01 1.406397402241335304e-01 2.284830757211168684e-01 2.265607199562802154e-01 2.711050684826786794e-01 1.201065968129570866e-01 2.147934669275237130e-01
1.674856778582443084e-01 1.315362292968187408e-01 4.478222935466162624e-02 7.759674417712572603e-02 1.039369495467293292e-01 1.240440589331321813e-01 2.587621095760943984e-02 8.395350777602057779e-02
3.615138900778583908e-01 6.155311641418443891e-01 1.420440490875243267e-01 3.058380578035278519e-01 4.077132132371065198e-01 4.896053933217456855e-01 2.088228206413045851e-01 4.711708838086563489e-01
4.066158593018537992e+00 1.457700897736182721e+00 5.326559278611777692e-01 4.759065660839767453e-01 1.053084408397170435e+00 7.912190916671062446e-01 4.183317991430793858e-01 2.158018413595415907e+00
2.661862889740369553e+00 6.993785724248396951e-01 4.512275585524618271e-01 3.421071749836914200e-01 5.542383079683181890e-01 3.235227737813307636e-01 4.412260613125855713e-01 1.475863813407600755e+00
1.520060622403292427e+00 5.735698693206136012e-01 4.952035367232001106e-01 1.938891284986311858e-01 2.830603088144540980e-01 1.038493943066979147e-01 2.030473125868620943e-01 6.219045839252064223e-01
2.768466142566591959e+00 9.225568611103781569e-01 3.768733770242556624e-01 3.068248470537758843e-01 6.624033265828381811e-01 4.381996306520288820e-01 4.800427428264244512e-01 1.645566194449779696e+00
1.432269526913808155e+00 9.676002473261418046e-01 1.275170039068284356e-01 2.238102099491548203e-01 6.833031383437392359e-01 8.352770595601595183e-01 2.198727406232186543e-01 6.834850700209208485e-01
5.169837273189282767e-01 4.602767033776412053e-01 3.247836260647370410e-01 2.685432541313134136e-01 2.955187122725224658e-01 3.444605504545195651e-01 2.867635491319741048e-01 2.546495330881057839e-01
1.242632362742373431e+00 7.366836647073257138e-01 7.823265911205484757e-02 1.080174382254935062e-01 6.104844549426299283e-01 9.132093251225266162e-01 1.572074383191540969e-01 3.906873698855116150e-01
3.977921438978727631e-01 3.456688044480392463e+00 2.354984330856740860e-01 2.241291545731332935e+00 2.100261017898073845e+00 2.304252434994637611e+00 9.030635488407944278e-01 7.370892819754683023e-01
1.495292899583502688e+01 4.394308472598030590e+00 7.459564779142459301e+00 1.964879741741593966e+00 2.084104408491908700e+00 2.771399991782244054e-01 3.288965486268017102e+00 5.044103923584196458e+00
7.991884679821278370e-01 4.904578900895825155e-01 2.033213937070061927e+00 7.928874234577992786e-01 2.061121792126098806e-01 1.222612422014925093e-01 1.492305992461164355e+00 7.796783708874159557e-02
6.862052591275083380e+00 2.217620810743998749e+00 6.325155747582940080e+00 1.788273198503336658e+00 8.979062885195515653e-01 1.474778157341727625e-01 3.693519452799489233e+00 1.609645718537383807e+00
4.061114849938725513e+00 2.014143079503752709e+00 3.221367763394856976e+00 1.222555037484352791e+00 9.421215592366993796e-01 4.096363149937750081e-01 1.734207601020866907e+00 1.834052371700154893e+00
3.743823336909696819e-01 4.155788396924103845e-01 3.686487482712595409e-01 4.022472253998935487e-01 2.793619477311488630e-01 2.707716552079482697e-01 2.525261584986618901e-01 2.362633566080733494e-01
1.346540042744163723e-01 9.528241919716032293e-02 2.310011184230159609e-01 1.582477320502685136e-01 6.587010411986833625e-02 5.055859321169805382e-02 1.912055655964542134e-01 5.668417293578911081e-02
2.590224120805436070e-01 2.137967698825911089e-01 2.840521195409855260e-01 2.256605937936692619e-01 1.386277728141948051e-01 1.552978106967036476e-01 1.479202977775802008e-01 1.042344019627307605e-01
5.548071787230671736e-01 4.926742380777337504e-01 6.336832003701458049e-01 4.720816122980027729e-01 2.828931802571806875e-01 2.115429986751833913e-01 4.462152892980104091e-01 4.110963461434442578e-01
4.713617150489826102e+00 3.092517976188505102e+00 9.528214118507207786e-01 1.092059515196916353e+00 3.039674457688110287e+00 5.263151906129733604e+00 5.258354387997026258e-01 4.550919382314311257e-01
4.391100734439460140e+00 2.876321429902709781e+00 1.319502203234803606e+00 1.585536534629781613e+00 2.936027992644852258e+00 5.062604404590437923e+00 5.476856221354864385e-01 2.549427184690338244e-01
2.185003442298241616e+00 8.942439152967236460e-01 5.994402753921934668e-01 7.264885366519374665e-01 9.721875417704787248e-01 1.498472656637894751e+00 1.589694937930092589e-01 1.859378880750626739e-01
2.378762351405966147e+00 2.601650290398021870e+00 8.429698461986926405e-01 8.338281774002315183e-01 2.480950980204930545e+00 4.609268345280165491e+00 1.087198088958297948e+00 2.664804810720309280e-01
5.222592473853816530e-01 4.485671010482507604e-01 1.093765284210705541e-01 1.901750678394444338e-01 3.602264203691472044e-01 5.672419111076332232e-01 9.443793375139133972e-02 7.659907779398214545e-02
1.074057128727144317e+00 3.899862214203908550e-01 1.950767374796052722e-01 2.348602662239069327e-01 3.563999485479636964e-01 4.558294601595107576e-01 1.043488013324882779e-01 2.711345232829109886e-01
3.802787141665968651e-01 2.022557360674149818e-01 4.381443616834396204e-02 5.061785576440358536e-02 1.587136592396247992e-01 2.336156868092628958e-01 1.924695123898738369e-02 7.617886734407389171e-02
1.126436770108200314e+00 5.398486929574566329e-01 1.671617941673961272e-01 2.629633507764436162e-01 4.869617873944994679e-01 5.875895272266205005e-01 2.115616161099275749e-01 4.908684350532055429e-01
5.824954422546506194e+00 1.942926158036283102e+00 2.167386815448237858e-01 1.550730272539052601e-01 1.284512546660729226e+00 9.342427188917975522e-01 1.398924982543347517e-01 2.698465350049032097e+00
5.873285896939046680e+00 1.523146677005989602e+00 3.299612724263829566e-01 7.333279332997619249e-02 1.103185361469126935e+00 7.193238825980264872e-01 3.365929057478840303e-01 2.802786483153487218e+00
1.408988696595914192e+00 9.047095306306355278e-01 4.232548735338629298e-01 4.228467588603336269e-01 5.839390388769720719e-01 5.105034092810565305e-01 4.384830926064134937e-01 1.166375869418400324e+00
6.576590123571563140e+00 2.480901134461646951e+00 1.673844088241499550e-01 1.148584261391271955e-01 1.535913133595528057e+00 1.161899842022899643e+00 8.446643011402474310e-02 3.300904513195757506e+00
1.225746586523154047e+00 8.506693350935496944e-01 1.511880276237929921e-01 1.079504454365776966e-01 6.818882367578664727e-01 1.064207995138103602e+00 9.426534486137046198e-02 3.062990537091783150e-01
6.890157012970691275e-01 6.457610996596186981e-01 1.103536609686533443e-01 1.686855013947140269e-01 5.444795046856968357e-01 9.110521258305273040e-01 2.472954241123257457e-01 1.381405748521622734e-01
1.862388242872420996e+00 1.462110904816431800e+00 2.077812865045976232e-01 2.305558597094329309e-01 1.302069969724225507e+00 2.243789336418029023e+00 2.855377023974585149e-01 3.495876626473991555e-01
9.772290100674272395e-01 9.646738231773970274e-01 1.640581377810712005e-01 3.948759703200423465e-01 7.489089851778947260e-01 1.040889214712162225e+00 2.785758269913797269e-01 5.009610542548084133e-01
5.291913265537541378e+00 1.907018502114467440e+00 4.369119373975404841e+00 1.376899195643839446e+00 8.721122852666272074e-01 3.398692205125268817e-01 2.340483963516342136e+00 1.316389436500811971e+00
5.188280411193453290e-01 5.052750310199085604e-01 2.138902679248573691e+00 8.719883695805810131e-01 2.075143222965140921e-01 2.318097032481954423e-01 2.061707703042130468e+00 3.079434146052001040e-02
2.282783552143536010e+00 1.123915112343315537e+00 5.919187967951620166e+00 1.910649405181258587e+00 3.674458565458706416e-01 2.569682793610754690e-01 4.462609848344821550e+00 1.136759527688968735e-01
2.485920522766857044e+00 1.053085164976652610e+00 4.451093373463648639e+00 1.506187779366516821e+00 4.052870001406036482e-01 1.612114294197574127e-01 2.898395761339934484e+00 2.596667597285249873e-01
1.234845644257707431e-01 2.549309193473721091e-01 1.913974185861722910e-01 2.135472668639136762e-01 1.407945041206326575e-01 1.496613115636643565e-01 9.319137858192391710e-02 6.582576250528257567e-02
1.367616959607004246e-01 1.244747087283353815e-01 3.201406846452680699e-01 2.122718948212135026e-01 8.030118951301055963e-02 9.471948334428698102e-02 4.063463842963979111e-01 2.108254215046405367e-02
3.720532517189533150e-01 3.028230865823254847e-01 4.164853455779050639e-01 2.818076658084525676e-01 2.467395483234638420e-01 3.383046568930550002e-01 5.181566879824879290e-01 2.029864286842413823e-01
3.940860781072645924e-01 4.651680896276079169e-01 5.232909558404936767e-01 6.789770051200729739e-01 3.418521358406081956e-01 3.558959171828703916e-01 8.043380063492050480e-01 8.838272969167301762e-02
6.231844082642810534e+00 1.108006452038984735e+00 2.196140831883643507e+00 2.763104122287208586e+00 1.634078741164735726e+00 1.653735353779536066e+00 5.681165845028198769e-01 1.283871232564105735e+00
1.151795680111031928e+01 8.487044271442127918e-01 4.499137816718302929e+00 5.558311188829965666e+00 2.107254820508829951e+00 1.219849482883818226e+00 9.895626071881707952e-01 2.253407881749616148e+00
6.399686930407608720e+00 3.437906645758573299e-01 2.313444034026341356e+00 2.833566074289524117e+00 1.034801788567226710e+00 4.442553016547533540e-01 4.611298076267719148e-01 1.177196499845013289e+00
5.080766381983417901e+00 7.248313654470724954e-01 1.932253797163698383e+00 2.405634877727601761e+00 1.176902794563541077e+00 1.000590742710486536e+00 5.159340742892578602e-01 1.185256281964174985e+00
7.359441449060906137e-01 3.083680273294629459e-01 1.182514757837658248e-01 1.607201229433234402e-01 2.959148938923952254e-01 3.937720041702029161e-01 8.300530366487207656e-02 1.284978192476531333e-01
6.583207070005990813e-01 3.493652938814789111e-01 2.213256572375273401e-01 3.151075697004378506e-01 3.243800529625959772e-01 4.294955032907804560e-01 1.605930125938073438e-01 2.353681951377133430e-01
3.890144898861497280e-01 1.498649875281555521e-01 1.192628161595378072e-01 1.527938863204728603e-01 1.426559599469847950e-01 2.045917060121211772e-01 3.902823824024781452e-02 6.739014490752225084e-02
4.506165558187547049e-01 2.726091755331580546e-01 1.261578785689914106e-01 2.340179528243635787e-01 2.452801491748650142e-01 2.942521721009754287e-01 1.196593539256612659e-01 1.768546566435641454e-01
3.275399534910087063e+00 6.920754082772891946e-01 1.146840086993229590e+00 1.172439065925284130e+00 6.957795966919659847e-01 2.754775538841925941e-01 6.388071814971887363e-01 1.963143471507170723e+00
3.894153014965137771e+00 7.021849718748440772e-01 1.807184022694432901e+00 1.625755947966112336e+00 8.712216653793651844e-01 3.469136466641919991e-01 1.099448647417465175e+00 2.683166662058581231e+00
2.138278591919624994e+00 6.516098558067762170e-01 1.304205976306387127e+00 1.199850951507314134e+00 7.390222232358434340e-01 4.645596498461456725e-01 1.068235057514896003e+00 1.665842319819113015e+00
3.471122365139454047e+00 9.529669999909113898e-01 1.003895615292513588e+00 8.951934690239263803e-01 7.676865718004808326e-01 3.643663584373084685e-01 6.332660900625370903e-01 1.931011458456319829e+00
1.024166951027428052e+00 6.060881876314900829e-01 7.188962730431565362e-02 9.672707368708145792e-02 4.732856524964101919e-01 6.767836226237692321e-01 1.446624276860140612e-01 2.788031899942042813e-01
4.328170385322482328e-01 2.747581067681736933e-01 1.518112778692031484e-01 1.848434319048339880e-01 2.241116276872738289e-01 2.956511886590362237e-01 1.364480060248401683e-01 1.395126215240148349e-01
1.077569297093919909e+00 6.925475864830089590e-01 1.071819071355289005e-01 1.153544816057434919e-01 5.707576708525621267e-01 9.049688123942619677e-01 1.284050396917767733e-01 2.687816656097977153e-01
6.732141739270709468e-01 4.919050207633300364e-01 5.669848890292032706e-02 1.473559440689555800e-01 3.742252954747471438e-01 5.101332040813435498e-01 1.875663371489086351e-01 3.045167695983518330e-01
4.700316299728100944e+00 1.596669465671621158e+00 6.434997043394483640e+00 1.914953973191957592e+00 5.607962756365513224e-01 1.804212072872116851e-02 4.439914057178152795e+00 1.143975122897527230e+00
4.526124079944067735e-01 3.287036600413171250e-01 1.647011474405553066e+00 7.668902294334605241e-01 1.418431490739960887e-01 1.242419837193786403e-01 1.781613718301975569e+00 5.856680646552509667e-02
1.288213720825811093e+00 6.542904886885729798e-01 4.819112024048876286e+00 1.618067951021541662e+00 1.349428583225003309e-01 8.686047187690157378e-02 4.541283266860067336e+00 3.840724844818220463e-02
1.435717681828191594e+00 7.633307251846532804e-01 4.182964915164448350e+00 1.273198398356749417e+00 1.824460125759306273e-01 6.091039896821501959e-03 3.207348363715028849e+00 6.502768935207170475e-01
2.308760686184466171e-01 1.098279544223690618e-01 1.830655619437945303e-01 1.387434401499496039e-01 8.814915412976437326e-02 7.944118128801996859e-02 7.413380822794934932e-02 2.785464359077506960e-02
1.386813559466929802e-01 7.352095093656091374e-02 1.501786356768398112e-01 1.266089433535981246e-01 4.874955472997716255e-02 3.558439252663065516e-02 1.018005769914058917e-01 4.753281842261908308e-02
4.927652786310994237e-01 1.612870980349595806e-01 2.677911933625226615e-01 1.948353749239020161e-01 1.625340946306232937e-01 1.756615425682080955e-01 1.990544068235988451e-01 1.447994007902185243e-01
2.280440281795784729e-01 1.279034409816409701e-01 3.355892134795772641e-01 3.355240492159534682e-01 1.230194143105933641e-01 1.099407271169546563e-01 6.194234149782562593e-01 6.380307656278394468e-02
4.970009004358172611e+00 1.774471661804414291e+00 1.083437996238129752e+00 1.332435386947607769e+00 1.802728449097349195e+00 2.474495802538124511e+00 3.496348873950764213e-01 8.284871697955366043e-01
6.533382539788003207e+00 1.723250609023920132e+00 1.865872734154451651e+00 2.281027448772564803e+00 2.101890306030569811e+00 2.701596057103044402e+00 4.597691532352166099e-01 9.233930129232692519e-01
1.245176770326515747e+00 4.047987480352764900e-01 3.604454973895849790e-01 4.586762723613175829e-01 4.618849910286847993e-01 6.435938943560564063e-01 9.143391211750763470e-02 1.172610144622122513e-01
4.256517724312225859e+00 1.842364435959647828e+00 8.595844183249679027e-01 1.137563626940250927e+00 1.846784861244241238e+00 2.712719852602738513e+00 3.797896069446927703e-01 5.428629288733402003e-01
2.357258832789201008e+00 1.704745177780683019e+00 1.897160028274208765e-01 6.191089736475867689e-01 9.921342374203171444e-01 7.769901672319138308e-01 2.691943618887707723e-01 1.650851389055439711e+00
6.611077968385792314e-01 8.829530662072864189e-01 2.375015987594186750e-01 6.166484430234969727e-01 6.617812210233847692e-01 7.928417863682225564e-01 2.959464229320275530e-01 4.581798739385367636e-01
1.516575710690937218e-01 1.471011597503667223e-01 6.619854953595337432e-02 1.275464404531473639e-01 1.230050357369695258e-01 1.808989275567735311e-01 4.342564532489955748e-02 2.597339072425128986e-02
2.120460508864542071e+00 2.800080276666491397e+00 2.243515300459453798e-01 1.394644611544541668e+00 1.653484154169044595e+00 1.487801234575649723e+00 6.186504758713914365e-01 2.129388062605839238e+00
2.407763349349726134e+00 1.242434488666325665e+00 3.636108061717029383e-01 3.917292872846002139e-01 7.390970584560843104e-01 5.374475079495466545e-01 2.192430235962080087e-01 1.300250719924109788e+00
3.194131314564008228e+00 1.012253120243114646e+00 5.427979523445827237e-01 4.676955305282752828e-01 7.936318830857282958e-01 5.777865755822702010e-01 4.047016371504970067e-01 1.687811442716391719e+00
4.406658869504159193e-01 3.335515449608318916e-01 2.925294979443512355e-01 2.308270322357434678e-01 2.092884697519756809e-01 1.624456508212098194e-01 2.519461929386390131e-01 4.546596960312858648e-01
3.824901343669139031e+00 1.597792920063398903e+00 2.984304440871209385e-01 3.532056694982636524e-01 1.009705509886952068e+00 7.431651089934872001e-01 1.974231858559480357e-01 1.882481006224113962e+00
5.832767351021402868e-01 4.026981140014337157e+00 1.313458582844255207e-01 2.650769448842235310e+00 2.557959528335201238e+00 2.916931948298062238e+00 9.653130979223525365e-01 5.615813510893501448e-01
3.126988762877516148e-01 8.612701960804280965e-01 2.136081095045079259e-01 5.809673369373379304e-01 5.778364735585929113e-01 6.920681056727336911e-01 2.604141136324592543e-01 2.638326301944663999e-01
8.209192855480849094e-01 9.587886206752410656e-01 6.891019690629562877e-02 3.151519976393350464e-01 6.733764907483797968e-01 9.056132709034014905e-01 1.793331320309297650e-01 4.543726778865332938e-01
2.209831896305852750e-01 2.701296017291526574e+00 1.260985958026552278e-01 1.745450767882040344e+00 1.681805347401415407e+00 1.932734629782667302e+00 6.626574261369483354e-01 4.643451682155902982e-01
3.407056227597124121e+00 4.231753634282902965e+00 3.905542395278847057e+00 2.710337229783100987e+00 2.173865839109845766e+00 1.785582712016204443e+00 2.136094331037714067e+00 2.264658843278717359e+00
5.003596345225993502e-01 1.418448703916263209e+00 2.258386702684988201e+00 1.586639365005559910e+00 7.292848521910763049e-01 7.205792129714129191e-01 2.180465529573222483e+00 4.910251472939883982e-02
1.674054584701376358e+00 1.480624581900209069e+00 2.636837557592255799e+00 1.241175899029557161e+00 7.443061565103403776e-01 5.824109753316329963e-01 1.561442048946292349e+00 6.781804538792933768e-01
1.387023669998223019e+00 2.651198716138749134e+00 4.828324390452642945e+00 2.641561885739814652e+00 1.321889933447860654e+00 1.178180139722241115e+00 3.234869858354560535e+00 6.072033346858547453e-01
3.180028583493201833e-01 1.849656045490157164e+00 8.932840595249447180e-02 1.339969339411313243e+00 1.185997908219720287e+00 1.231280868469375456e+00 4.855353370538481594e-01 6.263833912733460241e-02
2.791746458044659929e-01 6.230983759907604558e-01 1.944332894551029089e-01 6.105846427895362805e-01 4.485105996941604056e-01 4.564278398235979695e-01 3.192325061801317143e-01 8.236628259764565418e-02
2.574455149184297631e-01 9.919309480690735592e-01 3.624579217959958410e-01 8.191235353991690449e-01 6.151459469643820732e-01 6.902460378565306032e-01 3.247918382576105434e-01 9.561419689234955388e-02
3.719020785281333397e-01 3.651055283023397102e+00 6.917928549186582732e-01 3.103594077914317406e+00 2.385873033290272005e+00 2.543368812970760118e+00 1.537916733283929194e+00 5.343113426955223982e-02
