6.079925252874126551e-01 6.183954247817273320e+00
4.920847662876748352e-01 4.722034421366371859e+00
1.970512003398381118e-01 2.413336018804061567e+00
4.337246223401665102e-01 4.039032960628374802e+00
4.858132756013386899e-01 9.048814526478966558e-01
2.944400516274467972e-01 5.879147273942284535e-01
1.290689344517159109e-01 2.208018512310432335e-01
7.319158036092261455e-01 6.910028463008707211e-01
1.930916001373574220e+00 2.288855108364824531e+00
1.081780149636826671e+00 1.597923668173720113e+00
1.173499119534031188e+00 3.405224985795697878e-01
1.391873378236657688e+00 1.529789254168233859e+00
1.063751024934855183e+00 1.123383350010340953e+00
7.408613149499874151e-01 5.442978323647547079e-01
5.855583435559996719e-01 1.242225823796784479e+00
4.562065216608905516e+00 1.510888241713294278e+00
1.286328821770818642e+01 2.485531389909139133e+00
2.907616410246143257e+00 9.239505157968530558e-02
9.529180119431234885e+00 6.155210025123147854e-01
5.800313552555360630e+00 8.282535959216044130e-01
7.810087281833784090e-01 4.605743701190194717e-01
3.466486472582314682e-01 1.401403574269699526e-01
4.296677202820048391e-01 3.158202598206850675e-01
1.122062778479697709e+00 5.272081991186452488e-01
1.106515877047890672e+00 8.090970692041576484e+00
7.578939929006278664e-01 8.657850629612676485e+00
2.575980532689147173e-01 3.131360180154930006e+00
1.379381004210414652e+00 6.381578948705643128e+00
2.782296555079299960e-01 8.511184227214783071e-01
2.909675790183766653e-01 1.025228080643247219e+00
1.210832572451333855e-01 3.780466338290480177e-01
5.978713632137796496e-01 1.064135160079453080e+00
2.349214462094024292e+00 2.347034633480280075e+00
2.062581054646522638e+00 2.426352234251623052e+00
1.381881358498122436e+00 1.129828112168889787e+00
2.831736464531537933e+00 2.726083230427035708e+00
6.512043288669524532e-01 1.326404643467132161e+00
5.193768587388243319e-01 1.124257825011993894e+00
7.964624123655910104e-01 2.932997251747416545e+00
8.752942670708732109e-01 1.484216446842834713e+00
6.795675686008616267e+00 8.067034994953555804e-01
3.307570294181537029e+00 1.187762445873053463e-01
8.072379458308621025e+00 1.915846357798514643e-01
6.115847759107840176e+00 2.111526238794529942e-01
3.752506138544119407e-01 2.445102322504099646e-01
6.109481849321747315e-01 9.859298980315633898e-02
7.788288532322396041e-01 5.458800189822662352e-01
1.299432164763833608e+00 5.287455424226064071e-01
3.678493307455229511e-01 7.524661810203138401e+00
5.938645975908263958e-02 1.295809951984342945e+01
4.480868669229885054e-02 6.504957028645727668e+00
2.516496951968668627e-01 6.099337937807046472e+00
2.716930007747440090e-01 6.829538832483743604e-01
3.005326703370292396e-01 9.645807088020339481e-01
6.435111087664012464e-02 5.244804769137563216e-01
3.027133016137822930e-01 5.789514909818538335e-01
1.081753971867153385e+00 3.118443252210636008e+00
1.426858110552143621e+00 4.288208938488249800e+00
1.718477218664937745e+00 2.412584063192399153e+00
1.660837290127769483e+00 2.419139408205088770e+00
4.933033763016038131e-01 9.408301300609316353e-01
3.332826983159697387e-01 5.187736386196575289e-01
4.445691127772492535e-01 1.279556338793973680e+00
5.445289464970307636e-01 6.531659069750708202e-01
9.295816673428602073e+00 2.908761325618374749e-01
2.578045691868321221e+00 1.879942555310555041e-01
6.895237443605515715e+00 5.547255540154330533e-02
5.774186290375189046e+00 1.236086112647252905e-01
2.639587960225697749e-01 1.620558416246989375e-01
1.914247980415413053e-01 1.601546359652107343e-01
3.599164629839101126e-01 4.605067483706508646e-01
7.505689304130758188e-01 2.238360843826259217e-01
8.898236777701913347e-01 5.585717004922618578e+00
5.602597125395906152e-01 7.807876644424356805e+00
1.173286324743732928e-01 1.624432248436308068e+00
1.023799046353273789e+00 5.098892553169569908e+00
2.177395755154232226e+00 1.309502348331377242e+00
1.042833631534438865e+00 1.151721517231270475e+00
1.424602747788110690e-01 2.837753232510039636e-01
3.784711796491345481e+00 1.709529783048445051e+00
1.798146535517990863e+00 1.018427435797945035e+00
1.411149832696245277e+00 1.993257797340799664e+00
6.905079606124592262e-01 3.775459396994991779e-01
2.040434855795130620e+00 1.658707890106405181e+00
4.921513022755498845e+00 2.158639072055876351e+00
1.044396527406778130e+00 8.151248381565177059e-01
8.850136914884164652e-01 1.120364517655007219e+00
3.357278167457564688e+00 1.381774968299322781e+00
9.029054986239065883e+00 1.436103879921712956e+00
4.523124159469198879e+00 3.283756598348885336e-01
4.510112370883482491e+00 4.937410013125683728e-01
8.416192263027149068e+00 5.472888743070098982e-01
2.534399554397593235e+00 6.422132460398619624e-01
1.022540529783360963e+00 4.267956340623222378e-01
1.410272937275743654e+00 6.738663856762563409e-01
5.753547622786834737e+00 1.394465234696660394e+00
