5.716463112471900310e+00 3.932235569023778687e+00 2.705198464354498178e+00 2.206950415247103670e-01
4.441783948446945907e+00 2.827913579381347020e+00 2.201429766210531103e+00 1.345114893328356320e-01
2.199343241199819943e+00 1.593496472330088398e+00 1.022706769315710584e+00 2.835800907726188091e-02
3.832001526943735747e+00 2.345870118345243505e+00 1.913234185681097932e+00 1.413662329416426056e-01
8.520856700961693120e-01 5.312244923284117348e-01 5.492535878708819652e-01 6.335105837656486161e-01
4.745172117822727964e-01 5.214012395973672831e-01 2.602614293414621249e-01 3.977456249262475430e-01
1.914867458451297577e-01 1.577178488516503552e-01 1.341582426418567731e-01 1.636984834461215343e-01
5.591975553774998220e-01 5.895631680500168503e-01 4.713126147576719438e-01 1.024653660893083851e+00
2.040921457702791209e+00 1.487507953613167011e+00 2.182439891150416145e+00 1.722536986771456835e+00
1.328987965617153488e+00 1.288239687506830267e+00 1.292068771257689930e+00 8.062640115551417130e-01
3.516484422838537793e-01 1.331067688714213937e-01 1.071375820495367392e+00 8.501448892227045917e-01
1.301756300265122679e+00 1.141890693906190135e+00 1.479922514184754512e+00 1.194969674717093699e+00
1.190557217039813764e+00 3.225594322455095919e-01 1.253752069516824719e+00 1.065143994060725463e+00
4.944360874637028225e-01 3.785355963176424421e-01 6.371529623121704455e-01 6.944501188305016726e-01
1.393365644411978188e+00 2.098050986631074533e-01 1.152438256412496198e+00 4.429779340550219491e-01
5.634594853578716034e-01 2.739078396849970787e+00 6.464048373241431111e-01 7.940001978876665589e+00
2.888499187314829797e+00 4.731384121931550557e-01 1.215081830585727118e+01 7.325696848622444968e+00
7.548150201082032273e-02 3.789811341192248495e-01 2.045436609666233529e+00 1.859681602597122341e+00
9.976685450543864020e-01 1.270690355753522627e-01 8.112989681879430037e+00 5.185631550330568551e+00
7.704777300858074440e-01 6.495196523784659837e-01 4.495316657524936588e+00 4.258557269462505346e+00
2.757951012800739510e-01 6.415973448807007484e-01 3.317247822666177237e-01 1.010956901639616934e+00
7.644922774849505220e-02 2.333210959011882690e-01 1.961014669340738203e-01 3.122754667242986781e-01
2.432015345538315609e-01 3.287229624743762679e-01 2.920179650754060052e-01 4.340963815073310972e-01
2.862378826534378029e-01 8.136378031794087029e-01 5.798001072581759896e-01 1.189659774106295309e+00
8.718105275646019336e+00 2.324463967392113251e+00 5.306336067825885294e+00 1.195091786952451607e-01
8.854790032165508862e+00 3.389222891372137614e+00 4.915283969483437154e+00 0.000000000000000000e+00
3.033654477388692428e+00 1.669525150569229677e+00 1.522955209745884497e+00 2.597798941909604687e-03
7.056229876862308181e+00 1.502925564851266493e+00 4.717222959469557608e+00 3.485399455074859598e-01
8.836664502050752823e-01 3.197616422488965826e-01 5.753433559511168527e-01 2.575190340019136159e-01
9.727940250752928897e-01 5.816839463346294981e-01 6.218791122056014364e-01 2.041221796869531480e-01
4.054091725870618834e-01 1.096611016322336096e-01 2.972059773558110574e-01 6.910730259133079922e-02
9.846885231093999158e-01 6.544072893184618156e-01 7.139553741767751260e-01 6.724422927414008822e-01
2.514328586255431652e+00 4.834787451008393244e-01 3.310554373089841462e+00 1.627027555482735366e+00
2.515628304540893367e+00 7.243601632575754623e-01 3.190822377330378767e+00 1.090870684039283667e+00
8.923408609563392435e-01 1.012019894497485417e+00 1.067125886155102732e+00 1.501462449826066470e+00
3.005754251614394690e+00 3.905336703537179432e-01 4.088759766326020895e+00 1.878642403924706494e+00
1.519127809090552006e+00 1.569123012351391344e-01 1.273776325052383473e+00 5.059272896601640923e-01
1.252624853616969736e+00 2.292591675332088519e-01 9.766203812953734298e-01 4.260036418262603819e-01
3.354049867581473166e+00 3.891692386663797021e-01 2.416584790628064194e+00 3.874877762373033496e-01
1.436162728465810279e+00 7.687972835081957612e-01 1.020866134916076584e+00 1.094747311041420978e+00
9.745594660583301039e-01 3.067448141398213535e-01 5.765546222783462404e+00 4.089109086272735283e+00
9.082899792636918435e-02 3.860850754520045447e-01 2.402818685093202511e+00 2.008508477404293835e+00
2.510145228070829737e-01 4.644400132841864370e-01 6.332539834874902240e+00 4.317061197423067043e+00
2.030828594483681249e-01 5.357940493978596841e-01 4.640593810155127841e+00 3.584788768013377869e+00
1.619848187078190560e-01 3.037052991885268449e-01 1.862627151881890708e-01 4.693784400504833476e-01
4.994419544750112322e-02 1.972628696391263703e-01 3.733740782678695580e-01 4.952543870889709599e-01
4.841365291648642155e-01 4.352004865370645570e-01 6.738433244489586693e-01 6.123238246922868555e-01
2.442069166307803130e-01 9.359774477672551107e-01 5.407030966680762551e-01 1.500925401619303212e+00
5.953291795415267984e+00 7.075515585162336585e+00 1.737766060493515230e+00 3.524523846574039165e-01
9.317763163917240021e+00 1.463665965678942271e+01 1.289833295205248032e+00 7.888576283267255407e-02
4.592936939171905486e+00 7.553461571240855932e+00 5.540454167419870402e-01 5.790045835420241926e-02
4.614943812465609696e+00 6.221739838230137210e+00 1.136294468384851264e+00 2.639796165897802527e-01
6.679636452366826127e-01 3.503352191371188473e-01 4.413611497909178394e-01 2.691595837011311887e-01
8.395225149449410118e-01 7.280187017258394899e-01 4.342808432317286083e-01 3.465086237321158280e-01
4.758470984694549433e-01 3.548547536102788502e-01 2.257801560465724222e-01 3.233370189789358529e-02
4.700897025149498032e-01 5.070962410738097947e-01 2.460669954437282314e-01 4.383713004635368393e-01
2.156123289369283658e+00 3.580420342699028424e+00 1.033664001495051110e+00 1.080197243231172610e+00
2.832824226112875987e+00 5.277446181539462877e+00 1.133074058480473045e+00 1.499114186998445675e+00
1.350897523045374360e+00 3.549358960196998147e+00 6.037866488097948237e-01 2.309930001739086691e+00
1.775750105324428008e+00 2.514388548758869302e+00 1.520072818881823551e+00 1.532191193581895483e+00
1.045717141660138516e+00 1.742485999903188310e-01 9.128921912922007831e-01 3.622817258223766101e-01
4.794298371544419290e-01 3.314327735238147277e-01 3.778058111545666842e-01 3.332096700088925667e-01
1.438980469224456105e+00 2.112394028744085661e-01 1.124708340458186573e+00 2.322314559174659676e-01
6.603993722617366169e-01 2.607558298061938284e-01 6.101576379981388243e-01 6.061180429674980497e-01
4.384441602227886481e-01 3.012767366673296809e-01 7.596248555036301475e+00 4.967983570228807544e+00
1.545364440891433266e-01 4.776625064614445915e-01 1.886778710508051349e+00 1.518822340193950904e+00
0.000000000000000000e+00 2.040424207818510305e-01 5.444103527461624736e+00 3.751714011504903468e+00
1.399232234335750225e-01 4.075324498050129085e-01 4.466251965626234721e+00 3.103594457534287088e+00
1.130980529960534664e-01 1.970652604473437375e-01 1.515440941012059506e-01 2.833178274799042495e-01
9.840693942704090147e-02 2.232846471210119532e-01 1.123249417447189924e-01 1.811444785672488567e-01
3.877311654945611585e-01 3.899765756565138353e-01 3.740034677917296602e-01 2.655384676427579582e-01
1.316297412380836307e-01 4.203552768455431909e-01 4.334217937687230293e-01 6.398777456795582408e-01
5.305108159672145440e+00 3.196496205344774744e+00 2.890223608244607778e+00 4.578669316673065204e-01
6.904585610383449534e+00 5.677118383309853300e+00 2.900917821416325371e+00 1.720996487996159230e-01
1.488795077066463080e+00 1.065898456212801770e+00 6.641830050473296332e-01 1.857752380087365415e-02
5.039080827026110043e+00 2.482628655825864783e+00 2.915012015748838614e+00 7.038393706380525749e-01
1.077390526085728162e+00 1.000020833610301807e+00 1.524091607810372562e+00 2.688171256150857946e+00
8.822650472403764654e-01 1.121458135635284625e+00 5.252342325471688333e-01 1.652187830660461376e+00
2.415174777522801353e-01 2.266610562068501200e-01 1.164889137910229411e-01 2.251648032650783726e-01
1.125543938273889211e+00 1.941228139270275932e+00 1.668671402311946217e+00 5.511846912543164834e+00
9.384253592096476471e-01 5.564984857667830687e-01 1.555381596906719510e+00 1.822212882229679920e+00
1.711069063120244094e+00 1.473333479083006603e+00 1.645296472614667493e+00 1.202230559322982062e+00
2.452081894856218691e-01 4.723607892412213793e-01 4.094107161707580822e-01 7.534681362271955507e-01
1.616833396338843709e+00 7.199921401315568792e-01 2.176845511122568411e+00 1.895849865922783151e+00
1.006525966889779244e+00 3.359399794046117993e+00 6.605256661301435184e-01 9.004743614838432109e+00
5.851993908367041364e-01 8.811066675974733586e-01 4.088371362815553800e-01 1.665453470554291826e+00
1.121850731990970740e+00 4.759073855873872660e-01 9.246587535721186857e-01 1.133547926716760301e+00
6.611720822160195299e-01 2.187286792734616458e+00 4.786474861291429295e-01 6.008451455575981370e+00
8.583738089999402021e-01 2.371946925535998396e+00 4.878590130824512094e+00 9.561756358738970007e+00
7.293450138097898328e-02 1.203339252354663103e+00 2.307035021989915169e+00 4.329897395473096822e+00
2.957996995713773614e-01 8.596210054148003543e-01 2.849534702874901626e+00 3.865976612945627000e+00
7.121193982882936813e-02 1.930566047827454224e+00 4.479327028158072821e+00 7.838581983382784557e+00
2.998315954472884765e-02 1.616558959200784074e+00 2.454987710237835352e-02 4.688959710389935864e+00
1.276161381335272349e-01 8.889382908975483888e-01 6.653400888864380303e-02 1.779010364220345419e+00
3.362832916424491891e-01 1.071060454412025020e+00 2.983905443998273732e-01 2.283449820691931365e+00
9.812655014800356068e-02 3.697690654004979649e+00 3.179664554136621413e-01 1.000402677658482986e+01
