4.378996097215942740e+00 3.263654764554077214e+00
3.356604905855627763e+00 2.515252413519625474e+00
1.690922163400377709e+00 1.248010950500915595e+00
2.877444470785994302e+00 2.158751682927887217e+00
7.850235154353824019e-01 7.648393223118482576e-01
4.947447806493943667e-01 4.858205329191667698e-01
1.953482989769657896e-01 1.945902918509154478e-01
7.291620067930928428e-01 8.448489297095456152e-01
2.212025174504263614e+00 2.517677513053018235e+00
1.427876712311520802e+00 1.585845623107085878e+00
6.132701737299749434e-01 1.102128248485464646e+00
1.502889165422241824e+00 1.772334307849619872e+00
1.145664832015385048e+00 1.304792660492470446e+00
6.140619942667241427e-01 8.274585805181825515e-01
1.062804697986890368e+00 9.975580413713096561e-01
2.666282393164020270e+00 3.902498881884053361e+00
5.725466001803334315e+00 1.182065615291087823e+01
9.269935109829011699e-01 2.507544108006315220e+00
3.308521901755505201e+00 8.356194497705004665e+00
2.394902722090509251e+00 5.132045798544681681e+00
5.682035052247761397e-01 8.071795702373931736e-01
1.993983644469464467e-01 3.480970394685188873e-01
3.512328562464556714e-01 4.841648667118141347e-01
7.083274047381704630e-01 1.134426709059419780e+00
5.932711273344295932e+00 4.475439114697976173e+00
6.163187729275512616e+00 4.481346622891470233e+00
2.208933331308045034e+00 1.612945361514875442e+00
4.834771821485771781e+00 3.968280402041576949e+00
6.778541060930688422e-01 5.934954103859096941e-01
7.938469577393747478e-01 6.882839011791769268e-01
3.008098698330339826e-01 2.623456859830578525e-01
9.305415182524497952e-01 9.264188400097198572e-01
2.429255226801633416e+00 2.865715251235993133e+00
2.355844435462572939e+00 2.722794928297483708e+00
1.233618831273774363e+00 1.566349127668647645e+00
2.866106379906625978e+00 3.405323878726810971e+00
1.141828621843672398e+00 1.090802925760904873e+00
9.518183558151314116e-01 9.028283773918971411e-01
2.304548300248693060e+00 1.917303046421740653e+00
1.321989363264533202e+00 1.308869328031255996e+00
2.638132434534999238e+00 6.065249396328341369e+00
1.055588883318666849e+00 2.877683216206326833e+00
2.467898360655528922e+00 7.042255706935698356e+00
1.956654372554910370e+00 5.314280130375319544e+00
2.884192457720911040e-01 4.000201312241999374e-01
2.527591260909466397e-01 5.524138021144737731e-01
6.097379743865394275e-01 8.868842579261321246e-01
7.642294814054393370e-01 1.271303870256431878e+00
5.121764032111830289e+00 3.707111360088009899e+00
8.470727484538738139e+00 6.084018645203961739e+00
4.251575223058683406e+00 3.060341485853363075e+00
4.113524644298673039e+00 2.985584936427562397e+00
5.587245671589862184e-01 5.129682260360347579e-01
7.483495505931230252e-01 6.696910021001591939e-01
3.754269688773095304e-01 2.854924801761179465e-01
4.947568885644385017e-01 4.830305873833489194e-01
2.415449796066646115e+00 2.272028954224207808e+00
3.280420609379281149e+00 3.091948529410091240e+00
2.145951174754893831e+00 2.430365343587044258e+00
2.160193284756009469e+00 2.402511494056899899e+00
8.196819003932440673e-01 7.982079961702401860e-01
4.624106208124417750e-01 4.946895049990317483e-01
1.034776942074004280e+00 9.181317438962026678e-01
6.368850599182094285e-01 7.027430526173396030e-01
2.950037682123648697e+00 8.082004787698824799e+00
8.767945240334851231e-01 2.298930076692778712e+00
2.068874810085386429e+00 5.982221298743654714e+00
1.763096330457821104e+00 5.010055734795602511e+00
1.928897423736145034e-01 2.845690487369548771e-01
1.631653652624436290e-01 2.318735968874695019e-01
4.238122033632455432e-01 4.994264078047102595e-01
3.744602711516234472e-01 7.247240251539605049e-01
4.086150999281377594e+00 3.202579364675839813e+00
5.427354348104383774e+00 3.977527214582309956e+00
1.131540473803754887e+00 8.303095236598962980e-01
3.819343144144473623e+00 3.074733177416984820e+00
1.659846660385392969e+00 2.201476279619555054e+00
1.152416212369266946e+00 1.264086661862984240e+00
2.440304445101921793e-01 2.275512542047963549e-01
2.509188850652623426e+00 3.516831705296835420e+00
1.316802092593826412e+00 1.830469212212559427e+00
1.822658889994631215e+00 1.994267934102399886e+00
4.836665537908623191e-01 7.058989238690306367e-01
1.846358366601641432e+00 2.296214450055467537e+00
3.247937984920135523e+00 4.407078873960614374e+00
9.220812807290033053e-01 1.118285160113301480e+00
1.085897491784653113e+00 1.145231767516639909e+00
2.152668177949160544e+00 2.978552439679749142e+00
3.944959334189778399e+00 7.735742034385724608e+00
1.632597310487724496e+00 3.820016775523019881e+00
1.750702082005254789e+00 3.901449902241115097e+00
3.009566598747141164e+00 7.076641495759552924e+00
1.330160881616663904e+00 2.066759033648708055e+00
6.447061552964301612e-01 9.255320336505556966e-01
9.463298234755485039e-01 1.328341622508231623e+00
2.960800453552221878e+00 4.754312500158178523e+00
