1.428596823961858941e+00 4.820678821913407575e+00 5.500444427050109331e-02 8.415775718913155456e-01 2.517918547836829113e+00 3.874207220562749576e+00 1.006457943485581152e+00
1.107921145290196030e+00 3.858217815962584396e+00 3.874064968087751609e-02 6.333815129692732526e-01 2.048558242786979733e+00 2.896697484582071880e+00 6.817000343669772366e-01
5.542383042045528896e-01 1.787207398170716166e+00 2.059419234243416164e-02 2.629170618238974022e-01 9.660951771397945365e-01 1.544336968940768884e+00 3.663605196601704694e-01
8.478188732444001952e-01 3.290995979005227223e+00 5.662448529555977328e-02 6.008336660787180206e-01 1.745061842468322411e+00 2.518398827318519828e+00 5.979587995795728750e-01
3.016354297420834607e-01 8.336959648642676690e-01 3.316957021284550056e-02 6.419934868371527381e-01 4.901283110013554545e-01 4.744881141262080604e-01 2.585354213007403090e-01
2.027094856245546528e-01 3.530024984364550922e-01 4.100939816662482751e-02 3.608801622606526704e-01 2.341999052990323404e-01 3.670270969431173036e-01 2.104428181560822064e-01
5.890665615710607289e-02 1.921409692129835700e-01 1.262882251010795202e-02 1.585252114740443308e-01 1.322400203672503549e-01 1.108421184544957916e-01 4.515481083951806973e-02
2.840075750781614339e-01 5.073394120565752896e-01 7.710122245234979355e-02 8.816318949912784753e-01 4.380801766841804223e-01 3.369622053387335558e-01 3.250528846142953787e-01
1.988827688108046665e+00 2.047510267577238974e+00 3.095075120888664544e-01 9.030856497630124213e-01 2.009484686444887203e+00 9.539873107768670479e-01 6.345114818607653362e-01
1.379560510339654877e+00 1.142711280481101932e+00 2.774835083267542246e-01 2.393558057636523406e-01 1.152324183090872811e+00 8.098452044933270866e-01 4.431622849096862327e-01
1.163838805147694000e+00 5.089054248498657840e-01 4.845176113298498288e-01 2.707090036481071271e-01 6.636537471886215789e-01 3.044977988530702534e-02 9.582259387775368675e-02
1.491989597802609424e+00 1.262677241444282839e+00 2.895482604754454625e-01 5.473540182008289623e-01 1.330526123385270765e+00 6.490547670439593686e-01 4.384362336673670035e-01
6.878653360759281465e-01 1.310929785457643826e+00 1.639944373567687186e-01 8.668428923717886869e-01 1.068421220486975409e+00 4.513264672022850865e-01 2.636888989755303836e-01
6.048106223293471251e-01 5.363171302702829379e-01 2.953869993189256471e-01 4.741112420936868244e-01 3.683920253837701386e-01 2.610660390321358215e-01 1.681002332333476068e-01
4.524709021347124160e-01 1.376232963371872176e+00 7.892541885331326446e-02 4.658191696669229387e-01 9.672725131206821869e-01 6.668497248101677988e-01 2.131771609727658445e-01
5.740810518928241013e-01 6.264743186485460802e-01 1.702335198834137309e-01 7.134228609365840690e+00 7.304111416514252886e-01 3.639898752550846939e-01 2.170848780872204564e+00
1.402345663307385948e+01 4.543624939657260775e+00 7.298646781619890334e+00 4.180481887495008375e-01 5.634456685999546188e+00 3.840480193414735899e-01 4.996644550073223168e-01
2.885389416859934553e+00 1.811264379753199927e-01 2.135565410663939012e+00 4.586888078982753747e-01 6.258363191081008081e-02 2.019249874110273790e-01 2.082331820371756959e-01
1.019966333573490402e+01 2.000933958346079233e+00 6.561985391854070926e+00 2.179647833310252025e-01 2.136111655871305359e+00 2.194363038581722547e-01 2.101429396819154971e-01
5.424141305552484305e+00 1.344359557522870618e+00 3.145305523853965557e+00 1.440046607336902929e+00 1.737297410964956601e+00 1.458708958214051388e-01 5.113216329808638605e-01
5.201615344310036582e-01 1.854078203858715579e-01 2.328090006280306434e-01 7.496285913233589060e-01 1.457875230020843349e-01 2.726396992677992959e-01 3.595979271603145788e-01
3.134452914273476720e-01 4.997094237862095834e-02 2.086263004688279632e-01 1.707314511200069274e-01 1.296849890092509339e-02 1.034835638733437868e-01 8.835689556337827932e-02
3.432035496069611447e-01 1.723502605981322156e-01 1.985141570048484239e-01 2.737554539239313578e-01 1.201670776115587036e-01 2.155260984375790834e-01 1.840905257551999630e-01
8.883355710875615596e-01 1.583310134884469145e-01 4.941806108103748985e-01 7.078678177878090505e-01 1.911898247303349119e-01 3.435704943754066543e-01 3.972257450248482535e-01
1.349948485626963013e+00 8.720024332410767798e+00 1.028639500922356453e-01 1.730710767635663228e+00 4.555397963403108541e+00 4.574485570520475441e+00 3.882972381429058428e-01
1.381552602922504924e+00 8.316176771777316290e+00 1.021435710750430437e-01 1.603317443796130393e+00 4.121170609525337092e+00 5.283240896943698139e+00 6.202592410299450076e-01
5.571024343599680906e-01 2.648817494759375890e+00 3.205297628456675596e-02 4.639420616010128673e-01 1.370611261542733939e+00 1.956920647049757100e+00 3.618202141244090675e-01
1.226483236280963229e+00 7.015943338323264555e+00 5.892728521702537137e-01 1.566052842584538141e+00 3.565440709873365144e+00 3.780331882640284302e+00 2.838265552534812719e-01
3.218882103216639812e-01 8.830253820121520825e-01 2.432010758222741958e-02 3.243129850428572158e-01 4.670476404315087593e-01 4.662127772989002050e-01 1.815191889568940620e-01
4.553534249296384839e-01 8.658584773478241736e-01 3.956442468020145153e-02 1.869118476891530878e-01 5.427300684253553165e-01 5.980072540478191812e-01 2.174406584837401124e-01
1.257738790576193311e-01 4.365203752642735080e-01 8.518948316887136468e-03 9.845189448095716112e-02 2.714140863730283293e-01 1.733091613479298410e-01 3.545298977724725686e-02
5.617737675248859475e-01 9.806230563260092126e-01 5.108746351255185475e-02 5.761513862995185642e-01 6.499606692011965503e-01 5.185963215432526363e-01 3.005502554022811967e-01
2.361338537434787721e+00 3.184421556361302308e+00 2.966258465943542033e-01 6.319770709172355394e-01 3.177236045944948906e+00 4.692448581878335689e-01 2.097611720643518807e-01
2.712885655835104437e+00 2.903440361498181410e+00 3.710590115498509367e-01 5.099570724611244416e-02 2.911677926184318643e+00 7.436556027908480804e-01 2.510287011211950192e-01
1.139160355460305585e+00 8.682049611093867192e-01 3.058205182865632588e-01 9.663890462307042073e-01 8.614797918295549195e-01 4.893053114785926860e-01 4.838341000102263090e-01
2.679797170069683432e+00 3.948227557019683864e+00 3.421770942724460252e-01 7.208202844356961236e-01 3.987948511363984760e+00 4.306023205894561334e-01 1.602321286920058707e-01
4.184153110491648508e-01 1.407030413460459428e+00 1.160588949811593301e-01 5.901925728106046654e-01 1.010309394054876853e+00 7.919620268606626379e-01 2.186523072896347508e-01
3.177428323909295971e-01 1.185587200410148201e+00 1.427613231472505406e-01 5.368737636736694574e-01 7.170051337825703586e-01 6.834014286151345319e-01 1.574915297678685377e-01
4.036125742463615995e-01 3.094994709053366044e+00 1.641798000829604587e-01 8.859447142961850430e-01 1.945865058368866141e+00 1.832372123941132358e+00 2.624731072258347786e-01
4.948903185982547193e-01 1.425184857865456234e+00 6.008607944262819855e-02 1.089691290035329274e+00 9.202214743494550042e-01 7.500239858846597940e-01 3.985425880582230684e-01
7.077603168951168477e+00 1.763575050802582478e+00 4.350971626997795383e+00 6.989992477037513252e-01 1.789779593624515108e+00 2.353288174782032227e-01 2.198096576309102046e-01
3.115840461807663608e+00 3.161747895807117681e-01 2.564007367233954504e+00 4.579386424091139718e-01 8.604868713076112285e-02 2.485288538355044929e-01 1.202416885223525356e-01
8.568102979507084882e+00 8.471754235634201269e-01 6.455211597878436791e+00 2.557151367685469023e-01 3.379423630835267645e-01 5.478202822094559998e-01 1.430200822406235139e-01
6.322206759406596710e+00 6.294510893915035155e-01 4.567021182510959676e+00 5.129961704606096351e-01 4.334862887003539944e-01 3.734984728532206866e-01 2.654170875418436770e-01
1.929350099390261808e-01 1.779454141416148272e-01 1.248857226500330042e-01 3.842834009296629549e-01 1.029790476984823733e-01 1.077685985298440646e-01 1.052261395757654039e-01
4.889247461419528595e-01 7.082613490200637130e-02 4.063698257759946753e-01 2.448868754702272499e-01 1.667075690834466523e-02 8.299724354793329428e-02 7.961844772440626605e-02
7.320014951067016495e-01 4.814569066159064548e-01 4.588031007128418048e-01 3.524917097181864412e-01 2.491694615602539908e-01 3.413307509966385656e-01 1.450488859524959873e-01
8.279064436755695366e-01 2.112558466759762166e-01 6.100793626625207189e-01 1.052418374261718803e+00 4.555418178060916673e-02 3.264437967176883060e-01 4.403045047117447597e-01
1.935387033845097804e+00 3.844661876103434128e+00 1.670407905698242934e-02 5.997820169841073801e-01 1.938964173548449521e+00 5.172516108915219846e+00 1.943224442844661892e+00
3.443144870673443769e+00 4.391153746690914517e+00 1.703244242314850068e-02 1.399336381229207837e-01 1.992752978818478349e+00 9.674635784502161329e+00 3.896001203347563280e+00
1.770842819186874362e+00 2.061337315028573425e+00 1.311377339842968942e-03 2.970574261065572937e-03 9.758589202699903264e-01 4.863571953278864157e+00 2.013455370587641013e+00
1.734515793688778729e+00 2.734253922425273320e+00 4.718972020656751754e-02 3.280544157491959711e-01 1.343729554361841716e+00 4.276202965048810256e+00 1.675351291868361958e+00
2.042327536799585230e-01 6.039033055785635318e-01 4.269066076523694159e-02 2.979839255355304362e-01 3.806698402747459298e-01 3.989844908661229761e-01 1.412194342835241812e-01
2.830307030884954278e-01 6.689444728522083716e-01 5.628579910475937920e-02 3.471484170785802403e-01 3.910879789758398006e-01 6.029150070563156216e-01 2.701008498865542506e-01
1.276985627720711169e-01 3.866332169100331617e-01 1.169495182618931865e-02 7.402881461683419317e-02 2.075081861780671832e-01 3.343681247385235089e-01 1.003366873482932631e-01
1.971721127004606999e-01 3.680725593315947730e-01 2.731778261002407171e-02 3.961140225248870328e-01 2.295426049070888319e-01 3.465839526402687554e-01 2.414280102005587902e-01
1.815326867884165418e+00 1.128606245576466938e+00 2.661031623984866368e-01 4.179955970023601086e-01 1.045065710010127935e+00 2.073390746037034660e+00 1.141698667012028157e+00
2.399743422709078811e+00 1.191642988971382433e+00 4.832087202641561774e-01 5.997933570522466784e-01 1.070643148602112182e+00 3.037702238879710137e+00 1.692101300535630681e+00
1.575553159286999350e+00 2.931320320769941756e-01 5.446985690223871135e-01 1.535122446809111807e+00 3.430313864646311051e-01 1.773399129482275738e+00 1.413358255864758828e+00
2.011170905935271591e+00 1.224041020905662691e+00 4.671242950599962529e-01 6.702333379459795015e-01 1.293257329495506092e+00 1.412972615577704705e+00 8.860259520309796688e-01
3.733284640555725731e-01 1.064059440666732304e+00 9.250868410917438556e-02 3.687262092555382842e-01 7.468938065628817347e-01 4.866479648167075234e-01 1.408837945368681677e-01
3.252727869745178357e-01 4.988644312263802449e-01 9.414311089556745560e-02 2.808712180206335285e-01 2.737633339749369066e-01 2.647871821536922354e-01 1.319740668767419578e-01
3.229791486437639247e-01 1.436585528964396064e+00 8.848547110375376556e-02 3.651232369113855403e-01 9.365444566656024872e-01 7.048936824907505727e-01 9.304938515911134744e-02
3.740555274290538468e-01 7.447109953851247521e-01 7.622946920769710366e-02 5.452514842390649985e-01 5.070349403377226727e-01 2.690628701994518535e-01 1.538027333134374675e-01
1.009466820941691445e+01 1.273714654348863773e+00 6.917889342372275152e+00 6.662824681580135910e-02 1.217063256621609746e+00 3.464916493024314259e-01 1.788907766773575880e-01
2.456229634936229811e+00 2.490753656358234147e-01 2.036508010345959629e+00 3.033808920317901392e-01 4.486794654985163527e-02 2.524478193295318640e-01 1.342272392157358163e-01
7.063163727996234265e+00 4.370872661852459595e-01 5.862822522636278677e+00 5.339522324931766928e-02 9.114870195463527225e-02 2.580060472266951788e-01 4.954838598121728832e-02
6.272893135386592434e+00 4.547382710820209728e-01 4.544501192550827184e+00 7.549768204029624896e-02 3.034163527679396566e-01 3.111334669303708056e-01 1.609631115185281292e-01
2.074332792175525020e-01 8.892690447646850460e-02 1.178932241276053616e-01 1.940329329456005891e-01 5.128443607347457633e-02 1.037825175959076057e-01 9.303492723455142333e-02
2.309097512662038887e-01 6.672669175419296272e-02 1.052471084722499811e-01 9.542506259793492873e-02 1.696115820198656685e-02 1.121611792811516156e-01 8.400164092320792919e-02
3.431690035110740999e-01 2.865773158646048313e-01 2.077313031803973975e-01 1.495243613721350118e-01 1.939622849061611309e-01 3.194474126733588548e-01 1.247825627290181372e-01
5.708313089438608046e-01 7.246919909241075763e-02 4.888266987850117817e-01 3.477580453287636986e-01 6.721576113245854474e-03 1.858928670319308640e-01 1.592158032046714355e-01
1.590785377637623288e+00 4.748448932007217849e+00 7.334515253264003998e-02 8.943107007671526887e-01 2.659365564508594737e+00 3.307570292370866305e+00 8.607497674911115393e-01
1.798376091043101255e+00 5.469046903381404867e+00 3.918209622911494883e-02 8.316143510889394408e-01 2.841050001032151329e+00 5.018384984055458631e+00 1.421918685410850314e+00
3.358905237297893920e-01 1.228081813065753369e+00 1.387509605592667124e-02 2.000877427746336201e-01 6.261603682357952394e-01 1.035245491690794717e+00 2.570651686477367637e-01
1.455900041926175170e+00 4.755263286786853172e+00 8.429245366228821368e-02 1.169683467985983549e+00 2.562738131845835987e+00 2.930367323930986423e+00 8.486260289689431247e-01
1.371073030762316680e+00 1.344979872274253863e+00 1.630454428589740989e-01 1.965392864873287682e+00 1.526388361915953951e+00 2.381300022324114585e-01 5.894993971863788929e-01
3.710569849596929703e-01 7.509766544919339593e-01 5.566769961784363147e-02 1.517083322852980309e+00 5.129894265511162343e-01 6.049483937731370276e-01 6.115811607556019824e-01
1.084805950604933317e-01 2.002784636714452227e-01 5.758072183440593808e-03 2.408874066396547442e-01 9.370652015550928748e-02 1.772708074821259250e-01 8.482874055491508580e-02
1.599989972633208524e+00 1.414764382630260720e+00 2.028155325276458087e-01 4.401787648801082753e+00 1.728637340070617867e+00 2.746224795582998812e-01 1.448474135982268596e+00
1.416530207319124379e+00 1.192812118274864996e+00 3.287419750088748649e-01 1.086606242186310300e+00 1.327528762704453191e+00 1.932934788283682259e-01 4.289371100815957960e-01
1.535253490977064095e+00 1.642518012361319002e+00 2.768860004104015116e-01 5.998885191982549214e-01 1.520154222116454790e+00 9.098813958325892015e-01 5.045523267967665371e-01
5.628568177243775672e-01 1.937751772213408552e-01 2.229154886050725703e-01 4.571159237228976102e-01 2.435939081645001891e-01 1.901364949721759678e-01 2.485983156263597837e-01
1.771317333540603833e+00 1.948786835202441337e+00 2.658198037033736583e-01 1.094368224590225980e+00 2.036388460600628836e+00 4.063891741042280348e-01 3.990118438883673568e-01
1.818647231056606250e-01 9.215545577882319206e-01 0.000000000000000000e+00 8.350501056315959403e+00 8.550670033511270640e-01 7.751204012193064763e-01 2.606094753918142271e+00
2.615815360133199041e-01 5.538600023019861762e-01 9.761599885966516787e-02 1.532666156558989190e+00 3.694513162477849333e-01 3.764139911867756538e-01 4.970460147028934461e-01
3.563822234817433654e-01 1.201317932699312863e+00 4.394903698601097808e-02 1.126298958340199441e+00 8.592492598615985022e-01 4.887486123070790001e-01 2.579539413797690139e-01
2.578706646633879274e-01 6.591541547217383279e-01 4.231351445943565270e-02 5.540977764109949355e+00 5.992283733662340239e-01 4.382598463584578830e-01 1.699494727071942046e+00
6.098538319369051663e+00 1.579233389730433368e+00 3.488700151878449951e+00 6.086394547844735214e+00 2.011796245575601993e+00 1.209288864955307408e-01 1.897150623346868237e+00
3.123438061754594930e+00 1.202458372507339557e-01 2.543300441849793092e+00 2.619175720585949385e+00 1.610945580111735123e-02 2.499995577124908552e-01 8.108995540480720132e-01
3.736266186375554188e+00 5.924680391259488088e-01 2.493136307485904979e+00 1.894994832035064913e+00 6.321466138890610154e-01 2.183890646753307574e-01 6.488300060073783904e-01
6.447738860859381305e+00 4.862357437757175438e-01 4.639397991297053991e+00 4.356542087100383043e+00 3.736540860677267650e-01 2.796316642849326906e-01 1.464496917643368867e+00
1.487617649654829344e-01 1.210488075460958712e-01 4.920088763453644987e-02 4.278452017970881371e+00 1.332277268185103614e-01 3.240448283613156510e-02 1.289433473062818969e+00
1.787921849151913878e-01 3.886521677099338823e-02 1.201752798866304872e-01 1.578692141821749662e+00 1.514188413416631823e-02 2.057716216411397958e-01 5.462538829756334868e-01
3.867089038210829166e-01 2.615385713447034854e-01 2.080901221706714099e-01 2.007987718987452652e+00 1.711898896517922153e-01 3.278960899480268809e-01 6.796125615809782694e-01
7.747730995380917030e-01 7.146264640083638264e-02 6.018904332365042631e-01 8.948830220440179062e+00 1.818256090917209564e-02 3.131797700396962703e-01 2.800326754156740705e+00
