8.026448341837332023e+00 7.473836441275446552e-01
6.128974522903231303e+00 6.049614464786965407e-01
3.132313990555437577e+00 2.422409511428107454e-01
5.242631280906691948e+00 5.331678171397651322e-01
1.174275374764345514e+00 5.978595459922947386e-01
7.627957156768645497e-01 3.624451603231885199e-01
2.864960916357205956e-01 1.588904287730856513e-01
8.961690645179660741e-01 9.009673961963673428e-01
2.967940729408632627e+00 2.378989375899742686e+00
2.072237157752639281e+00 1.333559866490184653e+00
4.409214171362736412e-01 1.447284614982051743e+00
1.983471464362430936e+00 1.715260916725939833e+00
1.457232914547098357e+00 1.310002663737755535e+00
7.060645368810002376e-01 9.132177864920938415e-01
1.612180544022990603e+00 7.208383915581957346e-01
1.957360132210761439e+00 5.613534188749830456e+00
3.218140600236956139e+00 1.587335685110756067e+01
1.198491473501261118e-01 3.589225518122519887e+00
7.965198482507745981e-01 1.176308670083985675e+01
1.071995722676877705e+00 7.155810727268010929e+00
5.972702672958262182e-01 9.622605932330462464e-01
1.818064803880271862e-01 4.276430461250975701e-01
4.097108083390974542e-01 5.297255684965627154e-01
6.835811753566986004e-01 1.383431412335237365e+00
1.050379711502365332e+01 1.359923838999624213e+00
1.123972669489380927e+01 9.305824222112850652e-01
4.064713337281502525e+00 3.164056943323688698e-01
8.285466720132729890e+00 1.698091691016631710e+00
1.104757241521056255e+00 3.424072592860042952e-01
1.330440978433606203e+00 3.582748208118231581e-01
4.906376633571339352e-01 1.490219536464846284e-01
1.380670446226406556e+00 7.360752546400406437e-01
3.042613017069218273e+00 2.894602719477834540e+00
3.145831289392309493e+00 2.542407391518830995e+00
1.464841570877521537e+00 1.702517814371606875e+00
3.533840178657550624e+00 3.489153664421673184e+00
1.721618944965776610e+00 8.017072158906550783e-01
1.459406664242656859e+00 6.394636543693166253e-01
3.807517510510888492e+00 9.798853826156885827e-01
1.925974845185745021e+00 1.077175802002966254e+00
1.044866845503902519e+00 8.387097212092278653e+00
1.544221197535153300e-01 4.083415481246550627e+00
2.485718527908044040e-01 9.967319853628898940e+00
2.737717941999949778e-01 7.550385467197942013e+00
3.171817347422737909e-01 4.623511019542038691e-01
1.278772320444661603e-01 7.538556722128436638e-01
7.084563911273209502e-01 9.607038852892486602e-01
6.858925164738198799e-01 1.601991202817401927e+00
9.765193413945542744e+00 4.518499584328238283e-01
1.681650667484620243e+01 7.334258410864932798e-02
8.441639512378275256e+00 5.534888004477711565e-02
7.915177958949199954e+00 3.093627214164223482e-01
8.863458522962243125e-01 3.344421558406863726e-01
1.251805631764338678e+00 3.700229400185520157e-01
6.807317660367475654e-01 7.915767144534646693e-02
7.512431898478710846e-01 3.725740484415131504e-01
4.045095215388791132e+00 1.333207232648618401e+00
5.562780583989701100e+00 1.758877661418610572e+00
3.129272060726230542e+00 2.117500941860096297e+00
3.137259951361952126e+00 2.047105632777639350e+00
1.220949909487675233e+00 6.074416099017104775e-01
6.731977002654195852e-01 4.106198353912028365e-01
1.660804228649119585e+00 5.473196956729963203e-01
8.474565243597356190e-01 6.704887949801777713e-01
3.768030176927964492e-01 1.147691753971093220e+01
2.441728016243948085e-01 3.183028774283380713e+00
7.150618359548860381e-02 8.513322308695387974e+00
1.603189139194784452e-01 7.129473844816950567e+00
2.102455803633247466e-01 3.253986675310387433e-01
2.077934677440199107e-01 2.361250457146759352e-01
5.975775852332247950e-01 4.438585953454872168e-01
2.904392264604786500e-01 9.260776275668014534e-01
7.249623575118061325e+00 1.094703193025708954e+00
1.013382728544604561e+01 6.884549409730694736e-01
2.108500373974135478e+00 1.441557759871739952e-01
6.618254512718974247e+00 1.259515015559467432e+00
1.696796151172774936e+00 2.681281427487476332e+00
1.493981573271236929e+00 1.283211074322906819e+00
3.682444145737433505e-01 1.752492196124085522e-01
2.214543290618416371e+00 4.659064987925537693e+00
1.319678481223729660e+00 2.215400234048000794e+00
2.584967339957984667e+00 1.738809021458106674e+00
4.893357888609367046e-01 8.510112456407795678e-01
2.150028452441238525e+00 2.513634091020379380e+00
2.797964034163890723e+00 6.054399604983583316e+00
1.057222556964051208e+00 1.285343114178431279e+00
1.453588642576219669e+00 1.089123127251744538e+00
1.790822214203853235e+00 4.130489124029280035e+00
1.858699684514492523e+00 1.113013011491306870e+01
4.253464915507358945e-01 5.578786747947157565e+00
6.394395169147530922e-01 5.563350882934647856e+00
7.082595192636975678e-01 1.038074030751227639e+01
8.319719566001362310e-01 3.118393567746674755e+00
5.532134551358968144e-01 1.258529631513118030e+00
8.737116042243697756e-01 1.736041626819529338e+00
1.806681157340557453e+00 7.081044026253270118e+00
