3.870042115794783300e+00 2.357896124612381961e+00
2.965923608348418838e+00 1.818185540636412467e+00
1.496124533124430389e+00 9.005270969082223020e-01
2.541673868266717040e+00 1.560810670257267940e+00
6.794030323313723363e-01 5.643266305879247602e-01
4.288276764590063239e-01 3.580255979117111242e-01
1.687002629650265206e-01 1.437916768738283779e-01
6.207221755499018334e-01 6.300035109868851180e-01
1.901940744755933554e+00 1.871875467617442945e+00
1.234874649980579608e+00 1.175295648063198861e+00
5.074270843624469896e-01 8.331772850676043563e-01
1.290071325418853831e+00 1.319278139542229278e+00
9.808741001588949793e-01 9.718403430115130082e-01
5.202725540866603993e-01 6.195226831621696295e-01
9.240171053740680041e-01 7.349548323890041646e-01
2.189217838385552284e+00 2.946392089195008612e+00
4.686253810119960228e+00 8.958307294403800469e+00
7.302028755982068464e-01 1.908714398073286578e+00
2.641753895689223697e+00 6.355193318217627230e+00
1.940142337371840053e+00 3.894819006548175366e+00
4.766752327246550069e-01 6.057823677744931246e-01
1.653386644868488631e-01 2.623415267687506658e-01
2.971399366401808462e-01 3.624835983536530137e-01
5.907443710304809414e-01 8.536271224397889990e-01
5.231825326156023692e+00 3.243513832397654451e+00
5.448622601449492286e+00 3.235332588817084964e+00
1.953853541269096716e+00 1.163864955055148087e+00
4.247607996250428286e+00 2.892414515304916112e+00
5.921895793094251736e-01 4.347787106105016619e-01
6.957230947756025685e-01 5.032524932064833534e-01
2.631725267031288507e-01 1.921547539247306924e-01
8.055314246603282324e-01 6.841731272798370345e-01
2.084056130504984949e+00 2.136727054659175451e+00
2.030654376636652270e+00 2.025495527292982878e+00
1.048434618904071192e+00 1.170782317798072292e+00
2.457259879292760019e+00 2.540559086938837030e+00
9.917039105962598411e-01 8.043084599756236130e-01
8.272819467340470911e-01 6.650684441357928023e-01
2.019494748375113335e+00 1.401130800717744762e+00
1.142188427749441404e+00 9.672251654259396147e-01
2.128952786810660136e+00 4.605781532686277657e+00
8.320318333744632922e-01 2.190095835239043609e+00
1.938172149271143674e+00 5.362578660667471908e+00
1.544794660451151325e+00 4.044820648922237361e+00
2.426415655231240476e-01 2.998618423041934378e-01
2.043553221070623371e-01 4.189382147386694344e-01
5.157594357474928337e-01 6.645142147657870924e-01
6.328562805030902849e-01 9.579422758029200180e-01
4.538743222734591853e+00 2.666108828468280123e+00
7.531863155388572650e+00 4.359345154500232411e+00
3.780519088376384396e+00 2.192808432952314757e+00
3.647528833627486922e+00 2.145922709065294587e+00
4.867176885056330171e-01 3.768678993392960974e-01
6.541924507295437952e-01 4.902397888418309480e-01
3.312817819495894600e-01 2.066152739583604903e-01
4.281691144976976227e-01 3.561481470590876497e-01
2.111413815846121977e+00 1.665641372419641941e+00
2.868395018204274116e+00 2.265414014971779633e+00
1.845586051497626334e+00 1.801338421413205104e+00
1.865146382433001238e+00 1.780422714128845119e+00
7.114401402895424997e-01 5.891717567863592464e-01
3.991935775218003468e-01 3.663067230406928942e-01
9.044674796241793935e-01 6.735050873506588376e-01
5.464449322512449081e-01 5.223502675650869564e-01
2.330066957415177331e+00 6.152908187084962677e+00
6.969118492814616594e-01 1.747524010134628991e+00
1.622479824920512570e+00 4.556501947379026696e+00
1.383590247175506383e+00 3.816127460765357249e+00
1.621726294673484781e-01 2.135234290823936620e-01
1.385423527169360181e-01 1.732835608449316833e-01
3.646897952407276433e-01 3.709928381350012794e-01
3.074130569288568426e-01 5.475276156219404111e-01
3.600598999309467807e+00 2.324294522170827104e+00
4.803872062612954963e+00 2.867283890871299423e+00
1.001429443662813057e+00 5.987074335150356363e-01
3.357327178733888307e+00 2.237461520301421647e+00
1.397793472975794149e+00 1.651990649619993423e+00
9.835865128270280255e-01 9.401154271486216185e-01
2.112502225504109266e-01 1.676060749560380758e-01
2.089201808705408503e+00 2.647427351770716086e+00
1.109004728320116762e+00 1.374904994389161139e+00
1.573473332692046700e+00 1.478708521913529417e+00
4.059400500813365453e-01 5.303219480909096006e-01
1.572396495945898920e+00 1.716784529629957756e+00
2.688532878621246791e+00 3.317921998024349506e+00
7.788548908085521916e-01 8.360037737600882757e-01
9.320629769188596425e-01 8.502563413872732401e-01
1.779033033443606637e+00 2.244073386044626250e+00
3.192127429033360997e+00 5.868774394216321966e+00
1.295478336657970742e+00 2.904874476718500187e+00
1.404860015361570236e+00 2.963597811753152733e+00
2.387809382438996320e+00 5.382817213203553663e+00
1.079570592830731091e+00 1.564472664428784743e+00
5.325872952649831626e-01 6.970852272619834089e-01
7.863207477252475153e-01 9.991615203145522983e-01
2.403599755508451175e+00 3.598276796394418220e+00
