7.075615198137923834e+00 4.750618697778136834e+00 8.246778819313671516e-02 1.680230240270706443e-01
5.687840844131623719e+00 3.438036382649240608e+00 7.983957290526244588e-02 9.092664731341387752e-02
2.646433696103519306e+00 1.945765286772077385e+00 3.761810180674238224e-02 5.254805059737030840e-03
4.996226900884243705e+00 2.842432676788680723e+00 5.549177974663950519e-02 1.053473449878264134e-01
1.291522386767034902e+00 4.051602834272391984e-01 6.032955330632108065e-02 6.064903826635053008e-01
5.363847837198268964e-01 4.814893100436982709e-01 5.838300538004852214e-02 3.684639788056438547e-01
2.752373025428878073e-01 1.272755777777352937e-01 2.508228520306175074e-02 1.521934153715250870e-01
8.283295100504526332e-01 3.315753425752804295e-01 1.377588764312955294e-01 9.580960779562894825e-01
3.009455458104037806e+00 1.350422798725845031e+00 8.945257290961842189e-01 1.254806179730166393e+00
1.557135833193941998e+00 1.401094563412318195e+00 6.381970140959150051e-01 4.596124767046940729e-01
7.712253901310158755e-01 0.000000000000000000e+00 7.498893735084021239e-01 4.191677229014120210e-01
1.767256473426388697e+00 1.085081337745162244e+00 7.160480076013762130e-01 8.169890464659685936e-01
2.241089216558533437e+00 6.324815110664329387e-02 3.492417872922541910e-01 8.873404959072059839e-01
7.452973564692586539e-01 2.666726867658962830e-01 3.695936894174902676e-01 4.828596648049198192e-01
2.514177229626592069e+00 1.458311411035712324e-01 1.688601236044415810e-01 3.570948192899184859e-01
1.108776190040384524e+00 4.279337700974344960e-02 1.962477704028298131e-01 7.918176825363135052e+00
6.331140161203137495e+00 4.093995677486431811e-02 9.859793393647111159e+00 1.531662387855153629e+00
0.000000000000000000e+00 2.479749768897648587e-01 2.292953519796481654e+00 4.513768469292703811e-01
2.200441144187269771e+00 0.000000000000000000e+00 7.773146685910965914e+00 5.010094659486324931e-01
1.714627066463829008e+00 3.076748282946982493e-02 3.984141292804854739e+00 1.906064897253508583e+00
2.154635359553914165e-01 4.227982925659266034e-01 2.748846045179245134e-01 8.520940324717493075e-01
0.000000000000000000e+00 2.029682346789336567e-01 2.199605850771284565e-01 1.794056778871159774e-01
2.503821456029420855e-01 2.762530091995903381e-01 2.211566190573861501e-01 3.008659203154117057e-01
1.088980624741610337e-01 6.257498053596565191e-01 5.826788964421985018e-01 8.463813773239871052e-01
1.400708507445853179e+01 2.916189371125692986e+00 2.652235756153474913e-02 1.028872115564744838e-01
1.322192935724738128e+01 4.227043334168378408e+00 0.000000000000000000e+00 0.000000000000000000e+00
4.093019126124804785e+00 2.054917869022546917e+00 1.429905112536229445e-03 1.317559940838854571e-03
1.165745479416850472e+01 1.889333701324452663e+00 4.071155913373189494e-01 8.618489578711219234e-02
1.415786860919951096e+00 3.066541004911380597e-01 4.284919035989279840e-02 2.337666289051065494e-01
1.337370473469372767e+00 6.606411258896165428e-01 1.066865417805458183e-01 1.462263521234969943e-01
6.736322344337013490e-01 1.156813297407243285e-01 3.394597675833593842e-02 5.736800157049468107e-02
1.436233579550239225e+00 5.701671659882454613e-01 1.555549842092388557e-01 5.908573818223833429e-01
4.795266010799442036e+00 2.929042056237701752e-01 1.208925364190608587e+00 1.010269732244871932e+00
4.391800688351704451e+00 8.170225401042442437e-01 1.277788754686509431e+00 4.179598523711594016e-01
1.196867271186956128e+00 7.583922216526661764e-01 5.689321635105162311e-01 1.193590976423891892e+00
6.002153513962809939e+00 1.075990148374592337e-01 1.445535485046343993e+00 1.144962621757512844e+00
2.837901399653274925e+00 4.638994635159023050e-02 1.747998132549276606e-01 4.110213384421649296e-01
2.218670321337627538e+00 1.602621755461516861e-01 1.407699900318691855e-01 3.443505904048314026e-01
5.939224397436139391e+00 4.157043409828398151e-01 1.460709750815997743e-01 3.128562600452142184e-01
2.304403900058935584e+00 5.323141820456458451e-01 1.308071272196923152e-01 1.033816149526695316e+00
2.098464475418064801e+00 1.687557507973602711e-02 5.261991664691845649e+00 9.320641541328591462e-01
1.183926089672250256e-02 2.856181975884980462e-01 2.696963278737055880e+00 3.479091536245426663e-01
2.653597430889333975e-01 4.702676127697763553e-01 6.964143260149747050e+00 3.638538887702233438e-02
2.427972223759242154e-01 3.929067255791278135e-01 5.029070275298133552e+00 5.060489023421869126e-01
1.661702088530621901e-01 1.994621412063021237e-01 1.352083355980277790e-01 3.930440029620499987e-01
0.000000000000000000e+00 1.356200781213845463e-01 4.199993321924999634e-01 2.381897435151904552e-01
6.173810585873575896e-01 3.969546281527239762e-01 4.961608821224615107e-01 3.100161574365650208e-01
6.663610496257382776e-03 6.454184013367390005e-01 6.134087182062197829e-01 1.128988053663033231e+00
4.749243074325382175e+00 8.448173926058800021e+00 6.268386997760698465e-02 3.067731934443140851e-01
4.093167319058495401e+00 1.765968053125595816e+01 3.453353375332308267e-02 1.879883962408174583e-02
1.733110212731616251e+00 9.106221369426327428e+00 4.178662095115934921e-02 1.414453808352978716e-02
3.019845158931816265e+00 7.442368705461907652e+00 1.077737205280970695e-01 1.926457446669397888e-01
9.973335719663514176e-01 3.347477949828967514e-01 6.387491194921987581e-02 2.385529660426148058e-01
1.001198497418280819e+00 7.623428390927243781e-01 6.948369956904294764e-02 3.031811762299684854e-01
5.684989867597978197e-01 4.224028266554222810e-01 1.590788548634075941e-02 2.481644829325170901e-02
5.513321647889146693e-01 4.457970458907929978e-01 4.258968541996371870e-02 4.146892369454968641e-01
1.116080763243041840e+00 4.032549422802620853e+00 6.015234760266909841e-01 7.487082390185824110e-01
9.303466118898640058e-01 5.957297392606654363e+00 8.316101808404977591e-01 1.026991567214997403e+00
0.000000000000000000e+00 3.473675683233903300e+00 6.718826019576857878e-01 1.923500735111539628e+00
1.491651176917733856e+00 2.644010747817795437e+00 9.051286559690872036e-01 1.034029332320216543e+00
1.892347701324464282e+00 1.195953616090648097e-01 1.678111093668779030e-01 2.785715518186386852e-01
6.819642712477090862e-01 2.972554800853670631e-01 1.269024651114322999e-01 2.612592743786756877e-01
2.542536280695312456e+00 2.188215777366990245e-01 1.378712844229157963e-01 1.629470255647537669e-01
1.178877524750181482e+00 1.136377100834028153e-01 1.457931136532738536e-01 5.276708030181094244e-01
9.328874781563623042e-01 2.611004479737288886e-01 7.882681381113650687e+00 1.699301436671597498e-01
0.000000000000000000e+00 4.591145921669899099e-01 2.120239649546766358e+00 2.096078959537171771e-01
0.000000000000000000e+00 1.582083258270380877e-01 6.108336355257051764e+00 0.000000000000000000e+00
0.000000000000000000e+00 4.383666308677666712e-01 4.995081150930624325e+00 4.228736761744009837e-02
1.006716295953710427e-01 1.525328260099194366e-01 1.300121216385573819e-01 2.038473418294299011e-01
2.481031325216086561e-02 2.208614746894773107e-01 1.184489046570125215e-01 1.088781387230338960e-01
4.242158389024047738e-01 4.183710611008535918e-01 2.316870400724433399e-01 1.280046904057531854e-01
0.000000000000000000e+00 3.582307803735517160e-01 4.897830360333290667e-01 3.370280769826189404e-01
7.066731256909154268e+00 3.800010211892108636e+00 2.182205107973386460e-01 3.419753726118154868e-01
7.696278959749269788e+00 6.877560004473116884e+00 7.493840782167726644e-02 1.187597191946186959e-01
1.795297460888436891e+00 1.297346390636656022e+00 6.321032442705831061e-03 1.094854292436915275e-02
7.279021599632086392e+00 2.826099736926458661e+00 1.736731183443640525e-01 6.098309998332063220e-01
1.983826974595834569e+00 2.774179132928119573e-01 6.318625420995641617e-01 2.384101071681825168e+00
1.141576051666287173e+00 6.991826633027748983e-01 8.816146813779902891e-02 1.621095883507402302e+00
3.078161040414061911e-01 1.866226424533823924e-01 3.979643683051099778e-03 2.232384663559539295e-01
2.123320397783335256e+00 2.561974695468231533e-01 7.046012010650345436e-01 5.200092692465934974e+00
1.813535530953227726e+00 1.327187487905253649e-01 7.584680640084706660e-01 1.424456978627175907e+00
2.231403135949651784e+00 1.487585378850935891e+00 7.050428937909596350e-01 8.286398442300585421e-01
2.345072417334390646e-01 3.427428349933554497e-01 3.205101980876781109e-01 5.726539475055947293e-01
2.968321056463723906e+00 3.504456916958892387e-01 8.751587305067716205e-01 1.451840296106614581e+00
1.701990212531552471e+00 3.014002820688850837e-01 0.000000000000000000e+00 9.110803486998566569e+00
8.117922824236790680e-01 3.981944851562405074e-01 1.036084108066246262e-01 1.624655246705966727e+00
2.012648333421747537e+00 1.571359694474795399e-01 1.267564191995611267e-01 1.081201952197225369e+00
1.167469763234024960e+00 1.427767858641451337e-01 1.746820284721709027e-02 6.071047898139300791e+00
1.917751851906561278e+00 0.000000000000000000e+00 4.312103766700980501e+00 7.062400689171039581e+00
0.000000000000000000e+00 2.774055838834492138e-01 2.600248855553139116e+00 2.749429696737776929e+00
5.801686973333530783e-01 1.393007439893582666e-01 2.851092816178143696e+00 2.154102077198617238e+00
0.000000000000000000e+00 2.999510423721109542e-01 5.024918795997543874e+00 4.802999852240902534e+00
5.815441651551656738e-02 0.000000000000000000e+00 1.650599075575206239e-04 4.744738224040871089e+00
0.000000000000000000e+00 3.473659845597883433e-01 8.095395191685747505e-02 1.741613876372817504e+00
3.551468521732310535e-01 3.861590714394251833e-01 1.914824917702289131e-01 2.186456411633533214e+00
0.000000000000000000e+00 3.583680668258550917e-01 3.950518080286453682e-01 9.843879935828081074e+00
