1.887407148265756174e-01 4.148286262201716923e+00 2.484450097111246814e-01 2.595093904577237431e+00 2.558794793931807643e+00 3.026787793808821014e+00 1.702812489302111265e-01 3.008166661441039613e-01 4.518008940742777924e+00
9.371636872239846872e-02 3.184115981297517717e+00 2.266332751294433956e-01 1.934830845714532455e+00 2.133118666854446399e+00 2.333583341828229241e+00 1.420501133340668354e-01 2.686445328498342500e-01 3.323155615766031801e+00
1.136850742024553967e-02 1.622600745999593919e+00 1.100613193813789192e-01 1.045783725843730805e+00 9.781609699580562367e-01 1.089469286833989026e+00 3.094998873616894297e-02 1.307865143816231146e-01 1.823939670369659094e+00
1.087619507431229204e-01 2.718313235769326486e+00 2.067159984328624245e-01 1.659105027582453040e+00 1.823909888276670666e+00 2.094413243332654773e+00 1.254936254455432942e-01 1.886148275533641727e-01 2.774923047594419323e+00
4.852074701787161271e-01 6.179532823091871130e-01 8.526072497955203278e-02 3.615103874564240538e-01 5.365781416096073730e-01 7.569089744768358052e-01 3.815844832744051396e-01 1.491329459257400569e-01 4.646152745466400891e-01
3.056846161834578246e-01 3.448349000185732538e-01 9.070656252645688256e-02 2.933514881277164976e-01 1.836108262397100344e-01 4.112036560353978798e-01 2.110048896010140729e-01 1.642542506861332519e-01 4.635142457951999528e-01
9.650978587204744885e-02 1.303222607901185770e-01 1.383757738176227131e-02 1.276306899276762330e-01 1.488072394674262999e-01 1.538547066569742605e-01 1.146255580893365683e-01 7.667972203272209464e-02 1.165465937969659554e-01
6.555609570525288143e-01 4.169144119152230488e-01 5.413541328555877136e-02 4.361292883162088962e-01 4.498458657210674949e-01 7.026949682134424613e-01 6.812576379701562601e-01 3.883899827476751110e-01 3.571616654531333257e-01
1.921675305213725315e-01 1.866562387561271574e+00 8.137371052602546673e-01 1.976103258337127189e+00 2.433567540227703496e+00 9.374468158738263890e-01 1.629793911306839149e+00 1.612170809383566494e+00 1.027525299859294972e+00
7.508423451638508890e-04 1.294813997639639558e+00 8.837500502867484675e-01 1.331850651029065968e+00 1.298980016219746014e+00 3.783110325619414849e-01 7.172014805878195176e-01 8.630508426010453649e-01 1.049716035873781372e+00
1.790278015151976487e-01 3.522285058976910022e-01 9.110623142396930829e-01 4.714862492652165393e-01 8.225368402252130062e-01 1.775235714027891543e-01 6.146078625888254932e-01 9.868605656281921323e-01 0.000000000000000000e+00
1.360567239176350973e-01 1.296271344191592734e+00 7.514120800406445255e-01 1.408550226170720787e+00 1.554340706401305283e+00 5.090167296711806122e-01 1.088755303189974599e+00 1.116082855205100977e+00 7.971814468889715233e-01
6.675037190780683805e-01 7.671055461912261730e-01 1.550418017099395585e-01 6.221214350679341587e-01 1.437570656556437232e+00 9.433320899799486625e-01 6.975770027462061540e-01 6.810885680240240658e-01 2.368090544827440302e-01
4.668611356891135822e-01 3.554381088622194373e-01 4.422828824960618466e-01 2.865000690045029219e-01 4.142904118744712982e-01 4.725335892620659561e-01 3.620246228127969590e-01 4.655948772496513732e-01 2.963423478572495551e-01
2.904435281715026518e-01 8.405416723824374881e-01 1.134225166131852397e-01 5.018505055689964633e-01 1.312847543163268238e+00 9.407501297833616993e-01 2.883888987254981107e-01 3.315256669233840880e-01 3.409682146354292009e-01
6.224600272551204405e+00 5.750440229632203248e-01 1.017564397009617094e-01 1.046743522048707797e+00 6.144924910692786124e-01 4.042086219367595490e+00 4.539447631828854135e+00 9.691784229056452649e-01 1.921592654640162934e-01
2.222979723676380637e+00 3.277055967723402574e+00 1.371454982997314787e+01 3.880407638337552534e+00 6.857753077141878428e+00 4.518564856349889247e-01 3.459409610734589968e+00 1.047191834643944119e+01 9.290032710741244482e-02
1.571683327073351233e+00 1.735132399821404936e-01 3.452337174199728409e+00 1.057041893387197368e-01 1.299307173476694360e-02 2.709697247265456244e-01 2.255414657628918018e-01 1.751815648193958408e+00 3.343093444925365199e-01
2.450333442067185619e+00 1.199126487802841368e+00 1.168084217089658772e+01 1.033499954743926530e+00 2.205002117863688937e+00 5.401670291323326101e-01 1.506530973206509749e+00 7.104464401474621660e+00 2.986705846919573415e-01
1.500727490454017321e+00 9.579978851633196291e-01 5.750664804519102447e+00 1.241865809588587055e+00 1.658236288513301737e+00 1.013590853782092127e+00 2.492449830182138726e+00 4.508109950526853815e+00 1.435340484742288203e-01
8.102149128610345308e-01 2.609787907223091175e-01 2.737134089152386540e-01 3.337044508191165937e-01 1.066211986095237096e-01 4.942157234448478764e-01 4.938667785190636872e-01 4.155119087337006412e-01 3.686937312729312577e-01
3.022385671750504321e-01 8.375050636681102834e-02 3.236920493863233439e-01 1.138092080649759086e-01 1.258658035474292600e-02 8.992591623244543253e-02 6.567208803479299140e-02 1.593738574153445997e-01 1.556270121237400827e-01
3.329772970651053710e-01 1.882683412073805074e-01 2.687978932268680898e-01 1.933663569736060739e-01 1.031629495359024373e-01 2.768351741088048712e-01 1.886544335700237884e-01 2.195499887744383483e-01 2.672339302904014335e-01
9.146286101989765660e-01 3.726361729143845003e-01 8.057760127867792388e-01 4.977118620969011031e-01 1.134570651567645555e-01 3.706268869832339274e-01 5.119074673808555742e-01 7.015228610205057613e-01 4.738628521594566156e-01
6.638903301592510332e-03 5.340538554503413415e+00 4.426156070423422073e-01 2.617244967783362242e+00 5.327410144233586387e+00 5.461019888604895733e+00 2.794934848966160734e-01 4.462012257143347371e-01 3.887278773982582258e+00
0.000000000000000000e+00 5.645258738267773246e+00 4.177980216787587908e-01 2.667445013342945259e+00 4.462559283761329709e+00 5.555610003360933469e+00 3.137381116310055534e-02 3.285400263605992577e-01 5.077612526411853011e+00
0.000000000000000000e+00 2.056022170094887969e+00 1.347768774364846989e-01 1.143502964453870785e+00 1.396343469600790810e+00 1.748293389658141406e+00 3.999916441430775849e-02 1.347879815749911392e-01 2.123035429673167052e+00
2.385839728757506162e-01 4.228923057419640585e+00 1.022700688979987671e+00 1.769652031512101598e+00 4.149387989549390809e+00 4.771837703065694214e+00 2.449026892071537176e-01 4.759869178205168305e-01 2.953355517523280405e+00
1.925661148161308123e-01 5.666992945080127075e-01 1.354538061298447560e-01 2.887006387076264669e-01 5.617264233710852483e-01 6.488799601577927012e-01 1.391676245227129738e-01 1.022587895990278301e-01 3.839132588909838772e-01
9.541793903968796842e-02 7.254469417635207584e-01 1.504365147588877794e-01 5.114090594012432600e-01 6.199715199045052749e-01 5.209142622406748302e-01 1.450907924096515866e-01 1.558104732359613664e-01 6.513379470357336665e-01
3.043667586126168681e-02 2.204778885355129225e-01 1.213871590824312438e-02 1.519358136661485004e-01 3.232461193556110945e-01 2.633136645099485307e-01 6.556338907770495328e-02 1.078301875304154556e-01 1.665862298397470798e-01
4.930067376228198794e-01 7.158586372221475980e-01 6.437042022395422780e-02 5.569841648472072526e-01 7.765343753160460771e-01 7.028156768522222375e-01 3.914953011462888322e-01 3.560390249053446143e-01 5.763687720126775549e-01
1.973397073178888850e-01 2.103964156383242745e+00 7.192666364822513092e-01 2.336580888908832421e+00 4.290056026272010214e+00 7.004885857534504101e-01 1.454815931358776737e+00 2.047269630227479098e+00 2.126201094710829798e-01
0.000000000000000000e+00 2.200453709405519653e+00 1.234628690274643947e+00 2.278220801065339529e+00 3.905117289933022651e+00 3.976419126019701267e-01 8.237503527275131798e-01 1.865368334793964689e+00 6.174196839378257584e-01
6.812777309237046941e-01 8.455570344959990603e-01 5.299252318910727677e-01 9.532713208060644705e-01 9.273853923173769331e-01 7.290618858064378260e-01 1.104020137569810434e+00 1.064805494625042481e+00 6.133315970357634539e-01
3.477900833628415622e-01 2.395804638647994533e+00 5.723770339759161052e-01 2.757694760599640027e+00 5.477857005570351490e+00 8.035747477395154270e-01 1.628599525176037233e+00 2.596671476085671948e+00 4.136413407899711819e-02
4.668135294467908869e-01 7.100057643323347545e-01 8.920943314153387260e-02 4.901996045541502922e-01 1.496643209084636883e+00 1.041839035842648808e+00 2.173097289013156685e-01 4.680239827078715997e-01 3.117152025434841711e-01
3.855766656025262917e-01 7.362695984990761389e-01 2.004131640075488829e-01 2.946475545176254762e-01 9.168962723299719508e-01 9.961638897666109660e-01 1.887398099377574356e-01 1.871469984935925090e-01 4.281377125710792431e-01
2.289484972486990899e-01 1.888592967974987324e+00 2.129107479580054085e-01 9.178796568121577737e-01 2.533316854369310089e+00 2.275312568383142331e+00 2.955297915580911705e-01 4.687466424651207664e-01 9.796386478852314728e-01
7.899151055630524443e-01 9.698308369677530738e-01 9.578933327218977500e-02 6.193070492645893488e-01 1.101223210073874803e+00 1.270008754013388863e+00 6.772841385467660569e-01 3.183854899436176500e-01 6.652494162890713048e-01
1.891084674281578337e+00 1.098689560357746453e+00 7.653469596234597994e+00 9.615211701158914437e-01 1.919468629495372225e+00 7.582023641291606442e-01 1.541907146212961655e+00 5.015597239591353507e+00 3.194932127533943178e-01
1.908421950083651897e+00 2.495644035566163821e-01 3.935016392621453640e+00 4.144382289665769770e-02 5.813974279770119102e-02 3.060222028710657405e-01 3.435615913833082319e-02 1.802006654990061074e+00 4.137569855145591391e-01
3.320122235296085300e+00 6.311243618332311733e-01 1.053997313803200164e+01 1.004911607054406325e-01 1.856167275871966060e-01 4.628894498613513875e-01 1.840630583148508970e-01 5.045970238029841681e+00 8.375913017496995350e-01
2.658655136429987298e+00 5.034136750808664296e-01 7.836449285054411185e+00 2.859445876214088411e-01 2.554117369596886622e-01 4.383556040893910044e-01 3.905132506890292565e-01 3.838089608173581357e+00 6.176751495970560502e-01
3.588092001269440612e-01 1.324905166177556548e-01 1.985656792015670080e-01 1.525546923835940094e-01 5.564982290406739890e-02 2.509272452318572766e-01 2.583256938744952769e-01 1.698324146969532600e-01 1.836519200201170154e-01
5.407071547562645186e-01 7.647210670117633724e-02 6.157437612262836035e-01 5.601444871124806185e-02 2.525532376976137843e-03 1.388395370777662507e-01 3.237860626515332019e-02 2.374946066133333533e-01 1.534425070168804472e-01
4.992070802565680698e-01 3.470377284130503615e-01 7.789402920683050624e-01 1.525482971072780747e-01 1.781623617867211795e-01 4.552079433825498289e-01 1.745848343821420068e-01 4.626121604355639683e-01 4.760729188868730311e-01
1.576773542177838827e+00 2.912607601645378352e-01 8.749784030345454378e-01 3.370215385624351079e-01 3.061365863757185141e-02 5.801470331323692609e-01 3.591776716621059573e-01 3.029392268052594206e-01 5.457901162170422094e-01
2.534277197771507839e-01 5.060661365762411990e+00 4.311436403607560863e-01 3.669775673501074476e+00 1.231097023769188503e+00 2.589183215802978832e+00 2.529300963602549301e-01 1.891688772726369538e-01 7.150247230728346892e+00
1.038291174344742884e-01 8.687428935915832540e+00 6.952500231238673001e-01 6.751324219951054140e+00 2.028195934672831213e-01 3.073526822265594038e+00 5.945038878181456432e-02 1.440208868349271421e-02 1.424228653254843380e+01
5.650531326390513531e-02 4.394475180881287635e+00 3.227001093360524209e-01 3.570605541102255920e+00 1.311546882195822605e-01 1.334766415583283461e+00 3.518440321735283316e-02 0.000000000000000000e+00 7.211209296597353102e+00
1.776669888612783521e-01 4.102892102837806476e+00 4.754654854681974463e-01 3.162370520388605222e+00 7.052444324539530740e-01 1.748188091814076639e+00 1.804657529894030665e-01 1.101240136461080210e-01 6.114917313647041830e+00
2.180427312727093725e-01 4.620098512303764671e-01 5.770878027025250906e-02 2.930868482097541694e-01 4.362757942234171127e-01 4.585553022098010079e-01 1.461014620669288944e-01 1.428162449908700338e-01 3.749230415162807528e-01
2.133383530243853909e-01 6.594768398377077734e-01 1.391518678080037597e-01 4.907124888737057766e-01 3.872395922774191646e-01 5.494038094521765947e-01 2.232572473325323548e-01 8.805364054139631913e-02 6.807359294776463843e-01
1.074387579854896649e-02 3.285935484182596067e-01 4.014689125403174408e-02 2.351323233543162750e-01 2.077333674609753156e-01 2.622841173588230657e-01 2.559019785015411580e-02 2.877447056600569708e-02 4.014541087471575342e-01
2.933438349468761031e-01 3.535481964681573830e-01 5.843990789188203971e-02 2.911657145596716068e-01 2.134300547739872989e-01 4.171292310107720391e-01 2.711331409723400920e-01 1.567358330652642295e-01 4.008767229107735308e-01
4.762649163444079847e-01 2.352759032003894024e+00 9.578361226667101436e-01 2.382747903896591968e+00 8.744875917196596182e-01 4.890213570335228965e-01 6.705701666288874652e-01 7.460737524368448170e-01 2.992915990961955597e+00
7.413675570532747283e-01 3.196608910357256583e+00 1.581977522372749911e+00 3.279854119819084701e+00 6.967266841222137241e-01 6.036993468910265559e-01 8.431587519562042665e-01 8.390915751221976748e-01 4.341573380254868830e+00
1.605670876406151137e+00 1.720046710965816850e+00 1.186910326906868818e+00 2.068374529184838995e+00 7.474228014424408317e-02 8.208571312567044531e-01 1.257758379756293454e+00 6.686139149357872569e-01 2.422657010951824397e+00
3.144093622426074042e-01 1.943499817636177296e+00 1.341296297466008536e+00 2.011376290766581310e+00 1.179499156123567039e+00 6.400276637161396165e-01 1.225199475876086463e+00 1.333327947791577150e+00 1.962964192012630837e+00
1.892930170229668030e-01 6.814558660111940114e-01 1.691236495521828975e-01 4.046833898202517044e-01 1.017005590744828769e+00 6.820097911087806830e-01 2.468747054163840104e-01 2.379805610624074752e-01 2.650956726177070566e-01
2.267543866624305848e-01 4.032889727938930857e-01 1.731651977182003810e-01 2.467643620513761127e-01 3.018764309573455096e-01 3.588120392971451134e-01 1.924431522083773771e-01 1.261314255849704247e-01 2.980067006850281586e-01
8.878390467051808232e-02 8.947639847641147837e-01 1.251981935621334086e-01 5.082997192473179826e-01 1.226079215664251709e+00 8.981372269231597816e-01 2.010146285030625646e-01 2.397034164537327483e-01 4.251078176356495320e-01
3.981527419732071582e-01 4.079958907074190955e-01 1.266332894991801239e-01 2.999064124507215823e-01 6.287311998230866728e-01 5.980466876799112041e-01 3.794669734579454445e-01 3.083341628456949257e-01 2.192975666666437395e-01
2.751472168053741285e+00 9.761153286095373138e-01 1.227287574852751462e+01 6.412851895809377201e-01 1.025618039618281019e+00 3.122920736413650755e-01 9.063188082711128857e-01 6.412202928114220768e+00 5.763361204904886570e-01
1.498099603459174922e+00 2.699276933975325310e-01 3.071990159340739712e+00 1.111858688125554884e-01 4.582972941244930348e-03 1.747150894398923071e-01 1.042899660184319621e-02 1.323172309147622627e+00 5.165748272710823930e-01
2.998459585504046565e+00 3.872014282978614164e-01 9.111719039019112287e+00 3.360239697059440333e-04 3.476395822904822241e-02 9.709802505616013657e-02 2.424763837720241011e-02 3.988770827101244976e+00 5.657308149606808945e-01
2.030460750308710427e+00 4.787934952020719281e-01 7.796567806875002837e+00 3.166923642734348343e-01 1.663639554356040606e-01 9.561041778872220176e-02 3.730770280181212040e-01 3.720241463373960222e+00 5.221709409259448487e-01
1.481440468505986485e-01 1.427897917033581210e-01 2.442137156323962444e-01 9.240832314285066240e-02 1.054058385711310192e-02 1.457158981893798277e-01 1.740958438236769046e-01 9.588405043801721817e-02 1.380659673481487992e-01
1.914278754246534486e-01 9.517209454004782465e-02 1.591382598051058750e-01 8.730664777862337522e-02 0.000000000000000000e+00 5.742277704013333539e-02 4.006142878515451394e-02 1.411024435099413332e-01 1.847168916389508864e-01
1.464010764048632174e-01 3.357759910548895887e-01 3.980796784943683164e-01 2.198614565274478183e-01 1.240440263216266714e-01 2.655265054853376827e-01 1.180555396594488160e-01 2.415885680727342111e-01 3.910882375488804463e-01
7.530489269325115753e-01 1.727933736249155361e-01 6.857152590498395428e-01 1.289991075206904092e-01 3.118366839905832620e-04 1.631376850545336044e-01 4.416934466416558985e-02 2.204675694721137946e-01 3.139892897649012582e-01
2.034723662615606776e-01 3.857661890461309806e+00 3.596351723489817909e-01 2.458138179569350878e+00 2.879953308841188608e+00 2.831952441645667840e+00 4.153868857191764241e-01 4.677541459389815137e-01 3.714478156358903327e+00
1.087722822087716507e-01 5.261330253009988134e+00 4.254448615840740189e-01 3.443975228664039268e+00 2.618689126647352428e+00 3.396970479741313831e+00 1.792689942066392761e-01 2.865688769096050303e-01 6.221906341946693786e+00
2.574675826464095652e-02 1.079531143935996251e+00 8.005766532370829636e-02 6.645573797398325322e-01 6.160825678352229717e-01 7.768248351110086380e-01 2.980011553454999310e-02 4.541934435886356425e-02 1.209939963606274649e+00
4.390399383479808293e-01 3.454488227777231302e+00 3.134425715623463393e-01 2.050097240605423643e+00 2.889476265742350503e+00 3.077852716135347499e+00 5.326528704250933499e-01 4.320707667841797717e-01 3.012346212214279007e+00
1.216505890247484345e+00 1.048559557938728348e+00 2.765703217905263744e-01 1.319767718206163787e+00 1.874041570507923193e+00 1.216734268433167676e+00 2.103513544123525314e+00 1.331603414502656513e+00 2.099277329395161651e-01
1.223354291360375212e+00 6.675267959282720209e-01 4.660716302739408012e-02 6.188127209489577840e-01 4.566406361939699954e-01 1.210547567163437144e+00 1.011435630598772617e+00 3.811886134247591817e-01 6.891260651611493815e-01
1.975312126041639527e-01 1.679951009871765710e-01 1.051101970482811246e-02 8.689712745262204163e-02 7.746470658341367277e-02 2.439387475838762365e-01 1.178913033455508685e-01 5.635238743809683343e-02 2.088807298222387365e-01
3.457331645962838262e+00 1.172834467219707077e+00 1.313691523480352841e-01 1.674724167998951074e+00 2.066793511630405256e+00 2.553551704645428355e+00 3.724842435648262562e+00 1.650030435957359654e+00 2.629687931711324200e-01
6.902796083558448981e-01 8.075532817662544049e-01 5.467114260732344189e-01 1.072524232671526079e+00 1.688383392589585030e+00 7.644796184733276823e-01 1.425948940718001712e+00 1.415069919081337613e+00 1.038406002919771420e-01
1.319649898740401506e-01 1.598193354796089594e+00 7.739073132623144335e-01 1.644896609785272412e+00 1.774732437598338652e+00 6.749961654171615644e-01 1.094929326585778018e+00 1.110099791805634561e+00 1.127853065704311097e+00
4.496228789106209711e-01 2.757074325066533604e-01 3.658000859792392978e-01 3.892576902958604923e-01 2.346087225272418531e-01 2.784127091893711659e-01 4.468956264307557547e-01 4.500961384021378020e-01 2.564923799670388860e-01
3.816424574104940737e-01 1.425208566249806630e+00 6.369570550330510006e-01 1.588330295637871981e+00 2.556881765737882617e+00 8.983804832579884714e-01 1.722500342451793731e+00 1.710324193351470123e+00 2.714516086555630037e-01
7.037485794117367632e+00 9.724879037438989293e-01 0.000000000000000000e+00 1.278482904977934709e+00 7.223187893170102125e-01 5.012560939651084624e+00 5.201879850403426708e+00 3.508331688303990559e-01 4.970370524095612530e-01
1.257666002378180048e+00 4.488863719434897925e-01 9.563457262811200787e-02 4.220661278926636228e-01 3.253526912831758433e-01 1.085513379089829922e+00 1.013015575354120124e+00 3.044223340470550432e-01 4.175703842646012465e-01
7.383849389096581728e-01 7.149621980189855286e-01 8.365312155967451202e-02 5.365126223326265320e-01 1.097832692578077030e+00 1.095054736149691621e+00 7.581641093614628346e-01 3.080841161970355735e-01 3.102917027810390693e-01
4.713021818022751219e+00 5.867015914886495320e-01 3.216753155509452511e-02 8.134607002608879034e-01 5.152422973481136648e-01 3.308510161235517000e+00 3.457228226276326311e+00 4.079661835238559964e-01 2.948421783739688662e-01
6.288332328536483828e+00 8.073526598364653140e-01 5.334566944054563109e+00 1.718964837575748916e+00 1.991889653003024119e+00 3.482275339573248196e+00 5.170169111287483688e+00 5.827261452144088416e+00 1.139143156739369361e-01
4.255016057456768586e+00 1.745036415061914092e-01 3.852327991505921645e+00 2.980908581032573057e-01 0.000000000000000000e+00 1.243284911149530325e+00 1.045646743154471148e+00 1.819613675471972059e+00 4.387495152651150199e-01
2.613983531165208873e+00 3.996350610445720264e-01 4.036109024766725284e+00 5.521342655706509284e-01 5.278948004835244401e-01 1.164669250021707292e+00 1.594087392658921853e+00 2.885852385441223245e+00 2.887624057835263547e-01
6.712591581916092842e+00 2.879081888991236182e-01 7.145730515072661326e+00 7.972201031761578793e-01 2.821335095219568156e-01 2.194800678859106124e+00 2.465713632096083519e+00 4.422135250156218333e+00 5.093746373929489701e-01
4.271816908996124873e+00 5.254265725993344932e-02 1.987382717303918384e-02 4.725968268305313913e-01 1.245932433325326744e-01 2.162632811145829503e+00 2.229003411219777853e+00 1.966515343505569613e-01 0.000000000000000000e+00
1.678271403146960994e+00 1.524256184729576857e-01 1.467493442311291751e-01 2.960907730567827190e-01 0.000000000000000000e+00 8.081626056779804834e-01 7.707301393695398239e-01 5.333277651396751279e-02 2.803830346493221271e-01
1.912735030155768179e+00 3.210881017011908423e-01 2.550838737355646257e-01 3.660110182374940457e-01 6.666045036238615884e-02 1.241827351528477230e+00 1.178139751786692946e+00 2.848897683251576662e-01 4.069521238118233297e-01
9.432082362777849838e+00 2.120320134697223635e-01 7.725371777224504521e-01 1.002692468070147003e+00 1.623272646675497370e-04 4.489601566855137449e+00 4.415048632269424012e+00 2.386334198715335253e-01 4.030527945850958527e-01
