1.613898100504456146e+00 7.514454522605578113e+00 3.031234685159377856e-02 1.361419607138805721e-01 1.554039200622142625e+00 5.495507425723639372e+00 5.840332961790608568e-01 1.246813712020736098e+00 1.194754777458390427e+00
1.537669379309070550e+00 5.924857412624948694e+00 1.675072910695278583e-02 4.541974445837292096e-02 1.222127380434564037e+00 4.007516484032241699e+00 4.590210705015321802e-01 9.401840373051708610e-01 8.919790266352531916e-01
7.828451952315857998e-01 2.754179577536426393e+00 5.510053331483291336e-03 0.000000000000000000e+00 5.029302142535474474e-01 1.967701859557466681e+00 2.362466833446385528e-01 5.573319206651576874e-01 4.083829980921038771e-01
1.134929492754402913e+00 5.284826070909851126e+00 3.066422923172266654e-02 8.610339067908470700e-02 1.090155873402032904e+00 3.470413281192652466e+00 3.322164644614165052e-01 7.627322192140011392e-01 8.129015284174905265e-01
5.664205911372107716e-01 1.024162010814195556e+00 3.853710762071922008e-02 5.635679033213609745e-01 3.415927660705052049e-01 5.902751389520225489e-01 2.145269180381096652e-01 1.957193496976530611e-01 2.368859793804919123e-01
2.865164890881248261e-01 5.678546719510351171e-01 4.832942381172711938e-02 3.159936770591933453e-01 1.173760472397516741e-01 4.906256356763005755e-01 1.439808661502758880e-01 1.641652120124586778e-01 1.484297334534669388e-01
1.868723293843871924e-01 3.321645928573200290e-01 9.190485755150575725e-03 1.526014932944873559e-01 3.573410475244337414e-02 1.897588573519935484e-01 4.323232132581893150e-02 4.945228341836303138e-02 4.799163845663045880e-02
9.431781224322570711e-01 5.328063889123011432e-01 6.280357045516965497e-02 9.112807299304109820e-01 2.190089581609522829e-01 3.656759730016386767e-01 3.488443020495302638e-01 2.264764864233919928e-01 1.188736445246934975e-01
5.129110051026389172e+00 6.657859507927829101e-01 3.463858716576986296e-01 8.003237604081293588e-01 6.975845830188447394e-01 1.461000689498132221e+00 7.792510295542283139e-01 1.261849098282464610e+00 2.398755736127001770e-01
3.032124361749781283e+00 2.011600842476332918e-01 3.173606625200514619e-01 2.003181704894717030e-01 3.439239090245678199e-01 1.227405624746608748e+00 4.495291521924563716e-01 9.230870795691443753e-01 1.747587700037621095e-01
2.499752813581323174e+00 1.656913686283880511e-03 5.384049490111615377e-01 2.810168017554818820e-01 1.332003159297764916e-01 3.025804195358355181e-02 2.255953569094221733e-01 4.298789203434260076e-01 8.443330205984095338e-02
3.640937330078784839e+00 2.589508129971785921e-01 3.267610117042683004e-01 5.331225258549922019e-01 3.513407031041126394e-01 9.912383478848019180e-01 5.355962550060655580e-01 9.349575387213728828e-01 1.472548521733303972e-01
2.213070960306056989e+00 1.237527262060736488e+00 1.672256806042300981e-01 7.007388168288679609e-01 5.268134536568414017e-01 3.658818631646820196e-01 3.345482913436315098e-01 4.004824686943674328e-01 2.828458631956701219e-01
9.638752509151982117e-01 4.532265456914726931e-01 3.232267114183979273e-01 4.167922392997193137e-01 1.944643600410855822e-01 2.923607602899574998e-01 1.680485754422680889e-01 2.545287265795576626e-01 2.040815305056654094e-01
1.497312486045910163e+00 1.830901409292859938e+00 5.958242635222726208e-02 2.054240304029381348e-01 5.528012830274062761e-01 4.446633837908129383e-01 9.040270237208081205e-02 3.028659780662790735e-01 3.928138339332931661e-01
1.881883928055196664e+00 4.711672574917060707e-01 2.165238039113047963e-01 8.114047240742893408e+00 6.745828383034376818e-01 3.481354059954512858e-01 2.192684588559351333e+00 2.896802516971462294e-01 3.185148009125279289e-01
2.542575687207602897e+01 3.269652094448809443e-01 7.989521981515224525e+00 3.104860969356389999e-01 1.011120316156843391e+00 2.598354770936147640e-01 1.458128116938989471e+00 4.411982864777061586e+00 1.326417288661114080e+00
2.728623789008576495e+00 1.144036389960082639e-01 2.329561271805340894e+00 4.702239339537523932e-01 4.279653598432112821e-02 1.515510522033949870e-01 9.555310142681447405e-02 5.969016599282821467e-01 6.490143715194953700e-01
1.412924853695495564e+01 5.716435342401089414e-01 7.171980515014952040e+00 2.007539433015210206e-01 4.483008448293857029e-01 2.383382620253575793e-02 4.895784137742638098e-01 2.468136693443306662e+00 1.434136265234166707e+00
8.985639011697216461e+00 0.000000000000000000e+00 3.429335755445498179e+00 1.484414211014145391e+00 3.408428471569583396e-01 8.111100903441838261e-02 7.676186416453842920e-01 1.594458884696530854e+00 7.723366178976711627e-01
6.022089120964151387e-01 1.114634030903705469e-01 2.619932280680382641e-01 8.606684902282291105e-01 9.284967538313651514e-02 3.123129438457197815e-01 2.739129501656361043e-01 2.131036131600668737e-01 1.447966540776065014e-01
2.514263510228998966e-01 5.651867238183189840e-02 2.298313385348693672e-01 1.840573690045257949e-01 1.170209231462676289e-02 1.262264172654606331e-01 6.872860719246615124e-02 9.862446386949988431e-02 8.196747628686175402e-02
3.752358105188587922e-01 1.758254346068811591e-01 2.196255153508324676e-01 2.801002664569571809e-01 8.082066543353262633e-02 2.183445970522366608e-01 9.426714394542193287e-02 1.536563327028949155e-01 1.499619875187538920e-01
1.189377917880851676e+00 2.202058726315916926e-02 5.333534840034728219e-01 8.272274180539811450e-01 3.311003263665977803e-02 3.865150610845295431e-01 3.416586782066668437e-01 3.596132739525269573e-01 1.569089255291100937e-01
3.139361375042901692e+00 1.379914401354991504e+01 1.625965491266955637e-02 5.030854685994924635e-02 3.142315212416534553e+00 5.504102982241842135e+00 2.971611451967401396e-01 9.401803665060818327e-01 2.027531686625202223e+00
2.116733272974780977e+00 1.436300786362278714e+01 9.524370656844130187e-03 2.832224954025486588e-02 2.819436310406349566e+00 6.442801390800722672e+00 3.819670709504130457e-01 1.007248133105171917e+00 2.002801150310705935e+00
8.246722311939821415e-01 4.492646106442498066e+00 1.367971298702084062e-03 5.325013805402557983e-03 8.436442188846746681e-01 2.522511377808160482e+00 2.257210666004483279e-01 5.057646427668156530e-01 6.341016811357873539e-01
2.566801965434824861e+00 1.109960957228459222e+01 5.205769864313827266e-01 1.512614321302231390e-01 2.719348224569817951e+00 3.644095844445355947e+00 1.837015130692951359e-01 7.481183393899182299e-01 1.868148066341713820e+00
4.867330828508324436e-01 1.264456803980730459e+00 3.052619773219294660e-02 1.905377222445581165e-01 3.512210875796191178e-01 5.130842387093470514e-01 1.114993283219704728e-01 1.336859051457254810e-01 2.377469595559508209e-01
7.314313745950606904e-01 1.111019748528148110e+00 4.600776751819143223e-02 7.433888542543251599e-02 3.004512509032742917e-01 8.636426997432495867e-01 1.262342344950155293e-01 2.891892842003428998e-01 1.859251351592993706e-01
3.441596194146992471e-01 4.976268553968365982e-01 6.682923412183467381e-03 2.972640864155759455e-02 1.756296706108899097e-01 2.347746594390679453e-01 3.458482056758628576e-02 7.900895509665557814e-02 8.493439502738761582e-02
1.078829567324383287e+00 1.046649956404677395e+00 6.312830908760355686e-02 4.667949876155751410e-01 3.481730891467307298e-01 7.637001764926963920e-01 2.203162877239985273e-01 3.193124895014128883e-01 2.588518350306451277e-01
7.856895069830537537e+00 9.778557924620090436e-01 3.341079208288549873e-01 2.895222740810551310e-01 1.021582871046013308e+00 1.020094353181655755e+00 6.703481559516231147e-01 1.487432793002748443e+00 2.496334007115160736e-01
7.536700292612869667e+00 1.023996676734443501e+00 4.603217984608030111e-01 0.000000000000000000e+00 6.860021357679583209e-01 1.100786043311512863e+00 5.005460484165580315e-01 1.589059184022255433e+00 1.109383240591713393e-01
2.481069838606041689e+00 1.989015702006630693e-01 3.480981119865259044e-01 1.021292303188828132e+00 2.909415873202401137e-01 6.720132045973051804e-01 5.553362159909406293e-01 6.272350736708522945e-01 1.928402682457238948e-01
9.778083733070261019e+00 1.153687453508664307e+00 3.564596055822512044e-01 2.532672687973260284e-01 1.349367210752051127e+00 1.038709547847831205e+00 8.273740978074444197e-01 1.747916943851689275e+00 2.779417123316302307e-01
1.558843147045192001e+00 1.987029264641123838e+00 7.802290461382350995e-02 2.040522099211942719e-01 6.860224825655227843e-01 2.763981339045640251e-01 1.419417597355082938e-01 2.986001195453648061e-01 4.554842853676421832e-01
9.421287104717055438e-01 1.889709196454449680e+00 1.168037992917024814e-01 2.554452056239453483e-01 5.281203245543044655e-01 3.876836072133695854e-01 1.054444073232032320e-01 1.867315188199968334e-01 3.561083731478500436e-01
2.174315381067144060e+00 4.646894025371107517e+00 5.901663743122000788e-02 1.591613992056389315e-01 1.421937855726897570e+00 1.038880648436840026e+00 1.813098084242726338e-01 4.879100830134874278e-01 8.445631111047098294e-01
1.284074560384811381e+00 1.896863481288340481e+00 5.040618226283265224e-02 9.036092197744767240e-01 5.621223550696725635e-01 9.029825921133851629e-01 3.397154877630929604e-01 3.235703379926174739e-01 3.876968757201398330e-01
1.025624122979971986e+01 5.434467069580556364e-01 4.751595488886422025e+00 4.912184996759582090e-01 4.261958287660222444e-01 4.886879157876049956e-02 4.518989626770893997e-01 1.857897820620115770e+00 1.147722264162108985e+00
2.988023380338508339e+00 6.618709957343317241e-01 2.768428966959009863e+00 4.552267442158210997e-01 4.780296129478936451e-02 2.571728554221876517e-01 8.725496926854078850e-02 5.879166462639459079e-01 7.140085047402471297e-01
8.415387051572350785e+00 1.243946553151534129e+00 7.026083943298283785e+00 3.206926314354540675e-01 1.735788783883017161e-01 4.304990376326884860e-01 1.288920852084948776e-01 1.595395272605109938e+00 1.551113385544251155e+00
6.634535658981363326e+00 2.420221325748456720e-01 4.978514275203036910e+00 4.800848338477949895e-01 1.800582143297634607e-01 2.499262257985496727e-01 1.715301011009650045e-01 1.367204501427389252e+00 1.250775660220341923e+00
2.570561621310227807e-01 1.476872392414879664e-01 1.416601307358867357e-01 3.908152072023577950e-01 5.730994011981851294e-02 1.834538443436367072e-01 1.386487870597314931e-01 1.009881058143480836e-01 6.961889877148795536e-02
4.572352061278868174e-01 1.212292592409714709e-01 4.384395348945351323e-01 2.939531705081076529e-01 6.684793163933302335e-03 6.771002485122587511e-02 7.635015718556936726e-02 1.120418600993522695e-01 1.180704946972868652e-01
7.790900190167553419e-01 5.064733188862629021e-01 5.007920566480165148e-01 2.415898461850220225e-01 1.934953727184938188e-01 3.396790953317453399e-01 1.317020354385550762e-01 2.480433451729071592e-01 2.914805177587703189e-01
6.741253447158591650e-01 3.028487170468445178e-01 6.713384910512535386e-01 1.278868495127395644e+00 0.000000000000000000e+00 3.105915708220956528e-01 3.764942034728456233e-01 2.657103903799277744e-01 2.217798882363964941e-01
8.807736958188069343e-01 6.132666855472562517e+00 1.263238983262338425e-02 2.704096870968299982e-01 9.160096947770062226e-01 7.614630520937748948e+00 1.105379292468636532e+00 2.028493036393239635e+00 1.099765529801749464e+00
3.994496877783532129e-01 7.441280720489855227e+00 6.602919787230506973e-03 4.951940966673021305e-02 2.377164746018211317e-01 1.301900095472760555e+01 2.371164882631726645e+00 4.146167194896411168e+00 1.470132686948329770e+00
2.590108246930785119e-01 3.234179959967498075e+00 1.571029567074665916e-03 1.416799002198001600e-03 9.573360853247209201e-02 6.703198081035662170e+00 1.218969177547860383e+00 2.189409075452942943e+00 6.749017071784408905e-01
5.629286627085909878e-01 4.244310310151254484e+00 5.860379621665935679e-02 1.665990817960866788e-01 5.142771573416524689e-01 6.389583982206552548e+00 9.390366298922021571e-01 1.810747721328620052e+00 8.196729730473562014e-01
5.034103735221346909e-01 9.377991800014087165e-01 3.000767189142640803e-02 1.970601147846580414e-01 2.250294882164778354e-01 4.485291248590025370e-01 1.028302002035005325e-01 1.477148246932263875e-01 1.631974386783444086e-01
3.683448555326419016e-01 9.139342708967391760e-01 5.562627351447600732e-02 2.610507481618055126e-01 2.585172388521179698e-01 8.005033945984388888e-01 1.450178465645640402e-01 2.521884683258159843e-01 2.362207805659027327e-01
1.550416083404281276e-01 5.864346750096183225e-01 7.884589625645662889e-03 1.342341430664379526e-02 1.358412703146780198e-01 4.820836005783303291e-01 6.284728596100935816e-02 1.089633353921696246e-01 1.126150218094851552e-01
2.931783837382372360e-01 5.601831031661210769e-01 3.276897126538568655e-02 3.999247276017761088e-01 1.241135473045744259e-01 4.425938545354377029e-01 1.612654197685721713e-01 1.487004812681527177e-01 1.250950141466959098e-01
2.615414041868469042e+00 4.364194154316533014e-01 3.027867487012677050e-01 5.000966791458462124e-01 1.998475424949348045e-01 3.034153969646986138e+00 8.860418920834980394e-01 1.456520201173971296e+00 2.885607169803027783e-01
2.799054996873336698e+00 5.218168074287886649e-01 5.485445872655554389e-01 8.326720215644043410e-01 7.688363664180761226e-02 4.222102988017887526e+00 1.212187050452903758e+00 1.985425557559746590e+00 4.122415506055499002e-01
1.678892765865068748e+00 0.000000000000000000e+00 5.911881200432762551e-01 1.792764615302706144e+00 0.000000000000000000e+00 1.956086066049550709e+00 1.185553065094205882e+00 1.143246748711052252e+00 3.025171555740445717e-01
3.691735792452529807e+00 1.455015177878041799e-01 5.300495364641956142e-01 7.715826600465145457e-01 2.854279318773913499e-01 2.026178350468654354e+00 7.995587828681520737e-01 1.351435390562417460e+00 2.596908816872988135e-01
1.264626820601536528e+00 1.535831625962971625e+00 7.658083181354971569e-02 1.691079984241022904e-01 3.699718615826915746e-01 3.519070430548161821e-01 1.109915457772418790e-01 2.332596310443643683e-01 2.393448100237078324e-01
3.855895526605819246e-01 4.583538498851674192e-01 1.142250686524722975e-01 2.430422650931453044e-01 1.957131714559413038e-01 4.167297160215593932e-01 8.771706023351322212e-02 1.643062804543464761e-01 1.460692391777918819e-01
1.242734454733284366e+00 1.965054686051254329e+00 6.611873821681160668e-02 6.942610018015260565e-02 5.677229095739421139e-01 5.512768284950574360e-01 1.014268492899763757e-01 2.671193476106202835e-01 3.538469511804582801e-01
8.938923988835938417e-01 7.866944210225265133e-01 8.340011205737946076e-02 4.618244081445189719e-01 2.987916696166200703e-01 2.914851443040045176e-01 1.644610696966293251e-01 1.891237482406928627e-01 1.788584221260828278e-01
1.202712884295742946e+01 2.494710080201804070e-01 7.560288103782324853e+00 1.413082630010685514e-01 2.570777447369442248e-01 2.275978392597014233e-01 2.879360231380855284e-01 2.252118271286541962e+00 1.510330501241724299e+00
2.261983220734644640e+00 3.412213955227637596e-01 2.220962269057610072e+00 3.998087067272688699e-01 0.000000000000000000e+00 2.365286848582702495e-01 1.360226393066676087e-01 5.297497583247782194e-01 4.942159173189437649e-01
6.840862486236614970e+00 7.420021010333824885e-01 6.357403509765791050e+00 2.076340453898455618e-01 2.607724499368013066e-02 2.858924204106122469e-01 1.278643180481652507e-02 1.282777530442727798e+00 1.313139439822200938e+00
6.470066272153260023e+00 9.807966402220845425e-02 4.965255051083696358e+00 1.708140293108983965e-01 6.449722481846913158e-02 3.169613754805699624e-01 1.365959064435197101e-01 1.308136110007728670e+00 1.019426335385056781e+00
2.321990456081490239e-01 1.614731140651685382e-01 1.262862760737829548e-01 2.082288683191400314e-01 2.072137930861335520e-02 1.109297645055685455e-01 6.768868589175695838e-02 6.641980984977431668e-02 6.325794152457447916e-02
1.240383866571302118e-01 6.659810542374909603e-02 1.257824366322809473e-01 1.003591667623336681e-01 1.072623634770487541e-02 1.985383681917425314e-01 5.940379660422381858e-02 8.148491920877218297e-02 5.176229428687888212e-02
4.688468378120224100e-01 3.481014142612134932e-01 2.156228359629173419e-01 1.029772366943563777e-01 1.140491861691083630e-01 3.696880160814282612e-01 8.959620504189683143e-02 1.891603082106343980e-01 1.378374291121425566e-01
4.847050515311783769e-01 4.911569409698504640e-02 5.353899567191031661e-01 4.386561603246471042e-01 0.000000000000000000e+00 1.627555627949301420e-01 1.250857962400575563e-01 1.951302763049749811e-01 1.461949074554378669e-01
2.496546808745744084e+00 6.797921075691577109e+00 5.752372377424823380e-02 1.710194574155895486e-01 1.588549774782261004e+00 4.709447681790104312e+00 5.610792989207804560e-01 1.205911306605867761e+00 1.124220871604088012e+00
1.739344338437260218e+00 8.391181465589728106e+00 1.139552282699747565e-02 7.994775410129378868e-02 1.623590035158078093e+00 7.100271845230881951e+00 8.594215647140962533e-01 1.774992222303447997e+00 1.353275943663314385e+00
3.459068493983765702e-01 1.962222371559735556e+00 2.466267772006325472e-03 1.181796621607565136e-02 3.806222435406556026e-01 1.415113533184631844e+00 1.562535727015421094e-01 3.295620404299194339e-01 3.011833954429933846e-01
2.152491895334965655e+00 7.056686652037805985e+00 8.626313137411575904e-02 3.894905057522330960e-01 1.694827518419220969e+00 4.060313129468280380e+00 3.938737514012872198e-01 9.304879497242054542e-01 1.261682244493294025e+00
4.192623116665415317e+00 9.089241274524363645e-02 2.178334219035885089e-01 2.118581321415997643e+00 4.841110071775245327e-01 4.319713682106740005e-01 9.338651433790849943e-01 7.977361738071336861e-01 7.734383982550936676e-02
8.043813625483187124e-01 8.084344078032075220e-01 6.322031232469874085e-02 1.604308895734954277e+00 3.540271123796446817e-01 7.011639572324004366e-01 5.428343895412801601e-01 3.023949046868201762e-01 2.577023185428969354e-01
6.574897561008384572e-02 3.207604421132057015e-01 5.797702903842303149e-03 2.391835110559634714e-01 6.180255660494755193e-02 1.811826864128271708e-01 7.415164004457934499e-02 6.306775406006422113e-02 7.740418323809583612e-02
5.006323891878481369e+00 5.750286177398137438e-02 2.709105557550456345e-01 5.056930907625623917e+00 5.799208036315115500e-01 3.283034664565910310e-01 1.729211816491612375e+00 9.139385577991008258e-01 8.603051695881296090e-02
3.919936562599413588e+00 1.903846022355011880e-01 3.752633657932425981e-01 1.154447711000769816e+00 4.111053570064195917e-01 2.914540639752108975e-01 5.936664183169730880e-01 7.144995265506199900e-01 1.136891073520406303e-01
3.737243642506367980e+00 5.241192899628303037e-01 3.118986043366034355e-01 5.154308650222891863e-01 5.149791645019224928e-01 1.404495263717803422e+00 5.874159587706749841e-01 1.058157278623270692e+00 2.378663139163626761e-01
9.727257820539172428e-01 3.013094390546709397e-02 2.484438411531664781e-01 5.260367330523877394e-01 5.126962129181535099e-02 2.126470483950656520e-01 2.608866028800257419e-01 2.503267169849617835e-01 7.143264621293785033e-02
5.370118457604950102e+00 5.100914992698941663e-01 3.039487371311272446e-01 9.827042320147110210e-01 6.363047759489227628e-01 6.372481107239292841e-01 6.884373321280355951e-01 1.044785709908493843e+00 2.118504865914997704e-01
1.448241514049239953e+00 1.450368723259898740e+00 3.492034459003592710e-03 9.423339425938783265e+00 8.951635806776682136e-01 8.483799687831892200e-01 2.556605392749807582e+00 2.238447973433540239e-01 3.934335446640398470e-01
5.944826375198251078e-01 7.311109321012372320e-01 1.088284770589151990e-01 1.604557618402238761e+00 2.538511703428727451e-01 4.751887915766116466e-01 4.989387680611711007e-01 1.827076061178778410e-01 2.141412966498833503e-01
1.410066814110933597e+00 1.444103937686681771e+00 2.928931222835399681e-02 1.004693931333996204e+00 4.735037981830912956e-01 4.558361060914416507e-01 3.434975382281322820e-01 2.607400518900290232e-01 2.635616941925548184e-01
1.139802292708430809e+00 7.941378992339569454e-01 5.710467670169615262e-02 6.229137334109790203e+00 5.972922925885169043e-01 4.347258060761598486e-01 1.676997874973284119e+00 1.854262655490432621e-01 3.214676753305040768e-01
1.023167042794297288e+01 8.340457807124326828e-02 3.847772820830035911e+00 6.825878634500668340e+00 6.698399499832453641e-01 1.192757638779868776e-02 2.133623257489027480e+00 1.724752161780946036e+00 9.825761019576197963e-01
2.974892505235054774e+00 2.890689198963388717e-01 2.758505906140259256e+00 2.855421928037074508e+00 1.100740535972056650e-01 2.086527856328687369e-01 7.018620583605399421e-01 6.331362692099545830e-01 8.589462347922867114e-01
4.817604282631750223e+00 1.185761660912735549e-01 2.717908006342138805e+00 2.016406200438736640e+00 2.547933979043313091e-01 1.121056463862760422e-01 6.094340231340567016e-01 9.201645247556334839e-01 7.848175668368280178e-01
6.693466977032750620e+00 7.446056274088595946e-03 5.086790089127190662e+00 4.707630775797455591e+00 3.222619723479966947e-01 1.669558293101872370e-01 1.152665520117003517e+00 1.401065409689513874e+00 1.604058023277582734e+00
4.847699784720056471e-01 4.777737006009608045e-02 7.912039541694737554e-02 4.930095773414909566e+00 2.632357179073964160e-01 5.115883726666048403e-03 1.317729282802511115e+00 3.457042011971309114e-02 9.718235346603427971e-02
1.361466049507786269e-01 2.482347461307824604e-02 1.409769452441057003e-01 1.832814208779466547e+00 7.695408193021360810e-02 1.910638916470110416e-01 5.149551674597583339e-01 1.144337155721220217e-01 8.100919452194417503e-02
4.318536074015674187e-01 4.046471299368493146e-01 2.346175172367845341e-01 2.253550318998434054e+00 1.981893283113579929e-01 3.992794911953362891e-01 6.244271383668571485e-01 1.657233405439227369e-01 1.992918203123134890e-01
6.414765514617838393e-01 1.572474372432199063e-01 7.287677609917803112e-01 1.035550024545404213e+01 4.011854493253297349e-01 2.237488641339968054e-01 2.576724087457846757e+00 2.269719457772606530e-01 4.798393666233902177e-01
