5.962298317538576864e-01 9.578391758684169588e+00 5.651002533085921486e-01
4.835036698946638678e-01 7.318127115806819738e+00 4.329936494945053616e-01
1.951372185734433495e-01 3.757623787169208196e+00 1.594903725815088325e-01
4.181659662659840127e-01 6.250392186772412373e+00 4.027369540130139036e-01
4.427024041676382304e-01 1.266518434209800592e+00 5.774584643159008657e-01
2.689555830258846814e-01 8.353438129930743639e-01 3.363978012164278719e-01
1.182667526565620436e-01 3.092794125700762398e-01 1.445576957417096520e-01
6.598821269120065391e-01 8.630492337123123470e-01 8.513629117903130927e-01
1.724185707467452922e+00 3.319636095907222639e+00 1.566044029946858318e+00
9.601684973666706480e-01 2.420118957389696401e+00 7.329564185894812400e-01
1.002699391022380482e+00 4.599729408248722784e-01 7.598307738609750839e-01
1.241332707566768834e+00 2.231783818653556573e+00 1.062411913275165487e+00
9.505669269999803550e-01 1.546733210502296174e+00 1.008052457630361332e+00
6.450104952326711771e-01 7.478728275046220286e-01 6.026825272246771892e-01
5.260178562258907009e-01 1.840069943872708391e+00 5.352414624390737785e-01
4.136566990236509866e+00 5.653840644450858210e-01 6.229053518185002858e+00
1.080009708125010093e+01 3.849814504338972654e+00 6.643819165659753168e+00
2.389644884318004703e+00 1.141616106158067356e-01 1.546420669021764338e+00
7.873562559090833801e+00 1.088613644508239275e+00 4.576533271209209275e+00
4.893135427348921596e+00 9.926634081079446226e-01 3.612964729652771378e+00
6.852641320460158836e-01 5.371630833140899064e-01 7.982569238709700254e-01
2.938195313997664648e-01 1.864447518723314490e-01 2.466649995289859620e-01
3.685559585095551371e-01 4.320062595826910101e-01 3.566472006856702959e-01
9.678528005932203193e-01 6.565470639207263703e-01 9.373570882806815385e-01
1.038640975546745615e+00 1.246553955853109841e+01 1.055396902081823685e+00
7.372172956226730189e-01 1.340601497519248753e+01 7.629978297356925232e-01
2.521402834517136871e-01 4.859377584906451553e+00 2.446245128147977732e-01
1.224497617490553303e+00 9.826134106124420953e+00 1.103491473281375201e+00
2.510749814108640399e-01 1.263855063813095203e+00 2.983342228496558834e-01
2.648128614719209573e-01 1.564202162207403157e+00 2.440795566836101715e-01
1.161213004486393030e-01 5.712645462677878871e-01 1.026393044387767239e-01
5.372423711520630807e-01 1.525386591767663003e+00 6.193269487698946918e-01
2.093448789271934452e+00 3.460173270746680352e+00 1.675582026377805622e+00
1.825960272095774384e+00 3.726956590782425138e+00 1.218361104365744296e+00
1.224275662898404171e+00 1.515256585568585779e+00 1.257603209825112645e+00
2.523839733960715925e+00 4.018047232537178992e+00 2.000196173263094401e+00
5.785319991967362574e-01 1.953434712804467344e+00 6.127146320364988963e-01
4.595468138517480039e-01 1.657199880814409720e+00 4.974973151069682631e-01
7.233518439140810274e-01 4.447949857792206529e+00 7.388844955382303237e-01
7.937702125229599837e-01 2.067806279163504790e+00 1.010029527003817984e+00
5.649249086092003047e+00 1.211926688035024124e+00 3.574936863388729513e+00
2.708879048354739361e+00 1.899425708180552119e-01 1.672074926140752149e+00
6.602858802840905206e+00 4.240847834173472330e-01 3.670546270126826549e+00
5.016316504638014706e+00 3.755889691325748903e-01 3.014416520053563531e+00
3.311611491301252319e-01 2.971485020728771853e-01 3.757191532656112276e-01
5.099057196456093788e-01 1.138845966158568423e-01 3.986166609135601280e-01
6.574971365192585626e-01 7.936656637031094252e-01 5.309863795505634920e-01
1.115914419469670626e+00 5.920151842939482822e-01 1.172020509021611812e+00
4.171209342934463216e-01 1.170034648070641659e+01 3.838760044121999337e-01
2.108430812655208153e-01 2.033279865797315367e+01 0.000000000000000000e+00
1.246467654906105588e-01 1.021087977242549094e+01 0.000000000000000000e+00
2.982132304883804985e-01 9.514420831261116263e+00 2.173467882957407782e-01
2.499971963016182908e-01 1.005813217548990224e+00 2.760030299127295694e-01
2.702406887809596925e-01 1.435230713982688311e+00 3.241379419716075572e-01
6.443812850106397927e-02 8.098258795035906399e-01 5.594494284956852415e-02
2.736286188999259572e-01 8.090605632693124161e-01 3.692827415047658102e-01
9.867525416415159345e-01 4.754509025463455885e+00 8.323756923647795958e-01
1.295724931185860296e+00 6.544289807881355614e+00 1.096698472409799230e+00
1.532728394616495571e+00 3.387080592183616901e+00 1.720303852671227318e+00
1.476336384422245018e+00 3.595587675937471861e+00 1.265919078859536251e+00
4.460497236193929904e-01 1.392572945465740286e+00 4.268792354002446388e-01
2.951114239603590539e-01 7.503490498690909005e-01 3.061782855117784474e-01
4.035010462043074897e-01 1.939672328521990341e+00 3.706132435964845651e-01
4.839692752543984233e-01 8.946893061019985938e-01 5.612455049031929155e-01
7.638609948210733691e+00 6.186151824422840839e-01 4.276542772691576566e+00
2.108857977899635028e+00 3.106731678824823373e-01 1.273758770354454173e+00
5.731905552490120570e+00 0.000000000000000000e+00 3.080176768702111545e+00
4.751728322717506003e+00 2.248517048541768537e-01 2.630421186562359015e+00
2.258049414214119699e-01 2.114388609252888518e-01 2.282191134824069767e-01
1.627088692566537598e-01 2.313409456928046115e-01 1.408445773736377027e-01
3.099107928399328915e-01 6.966700071586623411e-01 2.357456791091190329e-01
6.275907044594524198e-01 2.891681877164483105e-01 5.151994713928170766e-01
8.410748054546047792e-01 8.605181326820259713e+00 7.834363063688734030e-01
5.740103673970924358e-01 1.213631655104331841e+01 5.117013188503730658e-01
1.176518954488520730e-01 2.524089402721912734e+00 1.110047612086595969e-01
9.500628789790783735e-01 7.768762312540882675e+00 1.014945375937271521e+00
1.957081566208685341e+00 1.525099418665353479e+00 2.253620585574864332e+00
9.506348118075043097e-01 1.429291538402437389e+00 1.346485823113086289e+00
1.284911633406591314e-01 3.913945693958811312e-01 1.915591758209676809e-01
3.414871003436209751e+00 1.515546257434240429e+00 4.451327013666110943e+00
1.593939819468622954e+00 1.288925417738260970e+00 1.580704354908521569e+00
1.261784760159568641e+00 2.951327392611330591e+00 1.090862359733942411e+00
6.037148283257159909e-01 4.744461411233168446e-01 6.059118847760908144e-01
1.822697061317724021e+00 2.283282065381275316e+00 1.725347206042214809e+00
4.524478064610637951e+00 1.240241722316627770e+00 7.079215895286456117e+00
9.475895500374285074e-01 9.025327444862168980e-01 1.341646951942867538e+00
8.033199276838292047e-01 1.490360054657781985e+00 1.029213078009452165e+00
3.053663330924399677e+00 7.729758267951849504e-01 4.731595903967197536e+00
7.786351003964858464e+00 7.760311014306582322e-01 7.792394503036083719e+00
3.803468443800552379e+00 1.024954150386206929e-02 3.477938163938230076e+00
3.800456699101267599e+00 3.740687577845936973e-01 3.163435555584908965e+00
7.076383104690481929e+00 0.000000000000000000e+00 6.283221738638978593e+00
2.299915877545241294e+00 0.000000000000000000e+00 3.617144814045246015e+00
9.185583654596432002e-01 2.764962697978802786e-01 1.372253978421231313e+00
1.263244470294234256e+00 5.619907468671814232e-01 1.788866849461765884e+00
5.144703046325508566e+00 3.142321578417564543e-02 7.744042526065682885e+00
