1.496483438223466633e+00 3.943242200656648322e+00 1.655183437588674700e+00 5.539032833000275602e+00 9.129702757830570059e-01 3.677553967587950723e+00 1.006352343164355734e+00
1.054116596384375493e+00 2.843892554735531597e+00 1.292160381187855034e+00 4.431100143832650495e+00 9.178211732264274225e-01 2.879854377343696203e+00 7.209937868427902519e-01
5.674335489034825208e-01 1.593374600211736158e+00 6.318644837715851059e-01 2.055693016148965047e+00 4.354247461122305318e-01 1.330940549523096372e+00 4.015166077572397407e-01
8.798129940848624653e-01 2.357831020323012616e+00 1.108962788761328033e+00 3.925706291853128693e+00 6.659018765285532604e-01 2.575881507429582662e+00 6.395067863723110646e-01
3.667704418904778052e-01 5.630815004333602491e-01 3.541628471537285883e-01 8.881920128310367701e-01 3.860701556655026234e-01 8.748239160673674242e-01 2.525313227353698231e-01
2.691958761581380588e-01 5.354089889075521747e-01 2.253530678671373522e-01 3.681488994298762196e-01 2.048814396330519982e-01 4.098965306714495438e-01 2.628820000661663547e-01
1.040878681753175522e-01 1.660835438614097770e-01 1.149927921507871154e-01 1.594660646200024012e-01 1.166193731805121592e-01 1.761342307915439720e-01 5.332171331120292429e-02
4.426517475472325769e-01 6.386535157089437975e-01 3.740600126714423990e-01 4.444132160455304126e-01 6.493631419019576523e-01 7.135778770513068192e-01 4.033575981675359134e-01
7.748834385968721428e-01 1.607439210106417438e+00 2.160605003422772619e+00 5.910115774231574637e-01 3.560304788866510251e+00 1.251697822684050720e+00 9.167985719689520918e-01
5.640860688398202649e-01 1.346494096244807981e+00 1.278055688320268057e+00 1.572887114564086863e-01 2.217497502171573931e+00 5.429570789166668909e-01 6.228470387847860890e-01
3.352403060716854788e-01 1.740458411187241483e-01 9.630945945544564513e-01 1.633960788365345154e-02 1.845468735472165722e+00 2.259420364843516271e-01 2.179349794157549314e-01
6.016368428805318747e-01 1.226148427915500827e+00 1.487585135208388198e+00 2.548477802213621746e-01 2.577367553036547854e+00 6.671044764677851457e-01 6.554323868344734683e-01
3.038460334895905501e-01 3.946921741120957283e-01 9.972714287223154450e-01 1.008213678577152272e+00 1.467193284771544981e+00 1.215906588790607978e+00 4.341559315068312941e-01
3.905428215700961769e-01 4.160396125742326090e-01 5.090608949526749250e-01 5.042474570547880175e-01 6.629934845354670259e-01 5.017080893279138865e-01 2.843085790294462289e-01
1.608310273356158282e-01 2.507248852433154873e-01 7.899559539870517622e-01 1.577076102074061126e+00 8.984256130019352415e-01 1.237076911055427164e+00 1.903567620736237309e-01
3.206570639443526272e+00 3.074618128826809738e+00 6.820678602489249620e-01 2.791478042869025566e-01 1.478878534738599981e+00 3.737190068888025074e+00 2.022458672630623955e+00
3.342087448106760839e+00 9.723424413233479058e-01 1.049697551920215588e+01 4.900591272956061339e-01 1.840135381169859841e+01 1.134793997020196565e+00 2.957627898927085219e+00
1.291205012548122255e+00 5.039173995683310370e-01 1.553123088584904776e+00 4.218304053504823847e-01 2.047043742799783406e+00 2.500058485930613528e-01 8.323432250030864399e-01
3.120070413065502812e+00 4.177110111087788957e-01 6.547420010736915152e+00 1.295515478613123328e+00 1.035393686335712360e+01 5.019847210321435327e-01 2.069720088211773668e+00
2.009440738701543161e+00 9.267297855585898692e-01 3.782150896630203540e+00 1.532689862770226508e-01 6.646496049025236275e+00 8.862162254889555113e-01 1.594130044090236398e+00
5.703401501062825840e-01 6.861304142929669503e-01 2.829748340293691267e-01 1.113209596477273550e-01 4.696380170829944634e-01 4.528246069343894176e-01 3.610020016753045513e-01
2.412225572173480881e-01 2.485957083616904262e-01 1.516454901002261269e-01 4.897560948574536388e-02 1.877588442879426500e-01 9.137421144182070187e-02 1.404044631941117616e-01
2.518994438893429333e-01 3.469110795404826697e-01 2.214787027956244825e-01 2.029005524381877201e-01 3.089083696472356144e-01 2.543724368964344618e-01 2.601441838209927471e-01
7.165523120826166048e-01 8.673181685086585047e-01 5.061500596796506546e-01 7.876807916242736796e-02 8.799359251022026429e-01 3.610108389899284731e-01 5.211944615761836541e-01
9.811403998645651381e-01 2.400574116443681127e+00 2.792141686991065797e+00 1.096223645022394777e+01 1.493354403925235996e+00 7.015431744166631844e+00 5.072529630013846713e-01
1.345734139586983069e+00 3.480384140849946739e+00 2.166519448690791272e+00 1.103269492442653288e+01 1.067588165411854639e+00 6.817224226209386728e+00 6.652505015244928321e-01
6.172026034149815654e-01 1.675593366285355046e+00 7.998165556509206908e-01 3.259223534200928363e+00 4.111003077441354736e-01 2.118882538719532249e+00 4.035864478175987813e-01
9.316748114930987201e-01 1.586175008123122065e+00 2.263398844316803160e+00 9.675545559341008683e+00 1.227787591287456737e+00 5.992509660338646071e+00 3.891951822729505239e-01
1.604427087657469275e-01 3.381238551769831235e-01 3.109642142303368217e-01 9.617323712595656771e-01 2.843849572150053406e-01 8.107016328973595254e-01 1.888489237876371796e-01
2.459555922852061649e-01 5.983967476800017282e-01 4.234819658446825619e-01 8.781589513579559636e-01 5.341934873883092960e-01 6.580358446877601075e-01 2.085055691402482314e-01
3.965007793027056082e-02 1.153382978020295602e-01 2.168518376987570995e-01 3.303554388500098415e-01 1.799333198600475414e-01 3.579759352828296159e-01 7.914193344289839616e-02
3.605491456165456632e-01 6.909281354217411408e-01 5.692074447519641645e-01 8.434157641537700645e-01 7.234149300034365959e-01 8.434720481144643012e-01 3.741821326799064096e-01
2.142927448541344648e-01 6.508737810596542106e-01 3.156929252109429207e+00 8.763927124371866384e-01 5.469339285656644734e+00 1.495492356792694988e+00 7.339532651313580569e-01
3.340204702406465165e-01 8.599153488358420860e-01 3.143270836260686707e+00 8.001169474801937964e-01 5.158309879414922250e+00 1.110465744218730455e+00 4.873256241054589322e-01
7.401681143195584234e-01 1.098473833014828926e+00 9.888863399341474292e-01 1.802586552692467814e-01 1.821897959600836447e+00 7.903164983582837699e-01 6.122624774203965226e-01
1.310465887552518804e-01 4.929336469425737444e-01 3.958753703930093515e+00 1.049298430628154088e+00 6.677359597811217462e+00 1.850734769129966040e+00 7.800314923587137184e-01
1.566760837602275969e-01 1.875816169625885710e-01 8.262337292129051658e-01 1.888848691362024601e+00 8.828441711826776617e-01 1.434132718985967614e+00 1.848311154929144218e-01
2.373539495876255956e-01 2.625195679212549149e-01 5.690065433762656610e-01 1.656022342396060942e+00 4.813689211108129196e-01 1.217732844461656416e+00 1.451421693684863401e-01
2.950232090634656856e-01 4.488561173309861263e-01 1.377115200084425339e+00 4.508467164397509386e+00 1.078043313813741966e+00 2.922985387744003738e+00 1.352453901994264684e-01
5.329563304210227503e-01 8.288904007465049961e-01 7.081709682217038893e-01 1.509629633685889427e+00 8.171809794486442069e-01 1.466636669987343877e+00 4.390631186756719373e-01
2.260987324383542774e+00 5.786401682927062584e-01 4.759752161955398186e+00 9.420477592362193064e-01 7.390453990697337439e+00 7.575404072916143150e-01 1.640734401936271292e+00
1.462230869003328770e+00 4.901779714389606912e-01 1.773512458021420768e+00 8.359547722800505509e-01 2.160403155905072925e+00 3.151256732728736631e-01 9.235905375789007499e-01
3.268248979586100944e+00 7.077472230254719943e-01 4.690692173016603128e+00 1.973442292293806632e+00 6.178877196377854375e+00 3.955937450381665221e-01 2.014251543412198586e+00
2.451155148605776546e+00 7.437320276430688937e-01 3.500212136552532272e+00 1.142875361583178373e+00 5.017021328668356261e+00 3.520250615217043189e-01 1.613899575932110642e+00
2.879699148481046356e-01 3.269607671399057391e-01 1.179579784827778227e-01 1.505550639567165006e-01 2.459396031887971512e-01 2.364766593517432236e-01 1.330661904357925696e-01
3.351542161888007576e-01 2.199338146254785353e-01 2.709342727689195152e-01 2.523860399762276607e-01 3.255208195281408812e-01 1.185658341048964060e-01 2.113175449737805522e-01
4.844118103928153340e-01 4.659704868356541740e-01 4.797256206303303072e-01 6.605795115207354629e-01 5.437642924857390980e-01 4.424043855171443385e-01 2.515775410895551012e-01
9.620607474811792015e-01 9.953495321883715219e-01 3.975734851602253372e-01 3.878587645378356874e-01 4.571977924712131713e-01 5.614098122521371526e-01 5.751514196456071204e-01
2.551015601814594191e+00 7.040600779960232813e+00 1.153407287416141624e+00 3.960820328720795480e+00 7.597968516523736504e-01 2.759544271545207650e+00 1.913197744017319568e+00
5.084747014510941909e+00 1.449921839018972136e+01 9.085259978616077037e-01 4.150422369343177209e+00 5.962995045673235017e-01 2.799859183712714916e+00 3.861626967882950012e+00
2.620591064253636748e+00 7.476420840535260126e+00 5.370191282358095508e-01 1.651294650878418757e+00 3.272311339860959900e-01 1.236541868679680301e+00 1.996076138192544258e+00
2.225047795326906552e+00 6.180810278513505729e+00 8.376165248359159765e-01 2.665537646758178614e+00 5.988269357558279049e-01 1.810213271610242591e+00 1.705648328581157003e+00
2.105908644926527407e-01 3.671040734912106585e-01 3.056021742244818262e-01 7.605161953494358196e-01 2.832726928794998544e-01 5.440019956602294426e-01 1.267607983800818627e-01
3.588743758212057378e-01 7.438165315595645088e-01 2.800426608300386477e-01 7.214195030216972171e-01 2.772756920591235574e-01 6.368781838707819887e-01 2.541353167585426731e-01
1.315532889094176427e-01 3.579554876535568919e-01 1.451377990734293855e-01 4.456552124913511492e-01 9.466087368406522762e-02 2.883617108906201820e-01 8.979225284921739381e-02
2.954131901844764263e-01 5.265501251487758605e-01 1.703877305869491154e-01 3.707651332123447219e-01 2.183879975837670073e-01 4.427207773942398727e-01 2.046941254816764810e-01
1.457072541078485495e+00 3.616443362310956644e+00 1.175872212732217204e+00 7.667110594520061551e-02 1.980168953641698870e+00 6.169438307029544433e-01 1.246748023220504820e+00
2.264109675133068045e+00 5.316463962122905507e+00 1.282324277893311937e+00 2.355663379604126806e-01 2.240666337569768629e+00 7.091166468210476914e-01 1.727390101323594607e+00
2.013553525953563739e+00 3.633270916604806722e+00 5.929856542322695656e-01 0.000000000000000000e+00 1.316899383115178734e+00 7.964637002739808347e-01 1.354603509398773387e+00
1.276506109103309194e+00 2.599769663944139886e+00 1.547922796437722237e+00 1.348533296881868071e-01 2.776123515440301226e+00 7.031686985991738581e-01 1.011962067791094544e+00
1.132233051511092325e-01 2.076990647310445193e-01 6.331646986554575474e-01 1.200453278708894178e+00 7.529871266248744366e-01 9.200434293338907166e-01 1.890594484392071895e-01
2.075387871675801188e-01 3.455508985004486222e-01 2.722600812089222000e-01 4.064220461335550372e-01 2.892869919777442123e-01 4.576282842945226248e-01 2.173475438060470943e-01
1.385819336845866001e-01 2.437027236999080027e-01 7.280929637411051036e-01 1.768422209390961619e+00 7.216137829977126161e-01 1.194411633971000031e+00 9.739967448888735280e-02
2.334884341520706841e-01 2.987356876229715352e-01 4.223557114278533309e-01 7.233193729513756054e-01 6.218270040877484917e-01 7.057633364289689348e-01 2.139884413420788389e-01
3.367503114640109541e+00 6.267471459072919693e-01 5.965425157809905343e+00 1.275376053216903394e+00 8.875945809480208837e+00 2.017885513990224644e-01 2.175205531386983804e+00
1.165487872427538152e+00 5.927909258313912577e-01 1.388522896115152117e+00 5.254459972954167446e-01 1.629899512562882125e+00 1.884025379616549589e-01 8.857509316926228671e-01
2.821160418756844201e+00 4.681757311156261592e-01 4.065200895250124624e+00 1.363852857625817316e+00 4.943432276571872563e+00 1.042372098210585796e-01 1.871785057959053145e+00
2.292036595260029674e+00 6.237951433566775172e-01 3.448353257011557815e+00 5.394128209886156489e-01 4.826614528764959999e+00 9.542951650827631582e-02 1.549257857413742334e+00
1.940956777165276925e-01 2.118923774797228377e-01 1.040862791707123369e-01 1.580082263118440522e-01 1.741541870061649733e-01 1.238284911154379775e-01 8.860704248550695106e-02
1.431170629943378791e-01 2.299799943548887504e-01 8.863287667939724612e-02 2.163642777924761063e-02 1.285568639988447504e-01 7.125133018027954290e-02 1.345026557637271636e-01
2.669769998029724589e-01 4.030011869796850665e-01 2.692786112557190581e-01 3.090202481954188451e-01 3.398941713317680247e-01 2.683153934279391972e-01 1.770668541607569590e-01
4.801218987652619563e-01 4.667583908042234331e-01 3.048594723006381457e-01 1.732729756277349709e-01 3.436474357985861983e-01 1.689368696442658246e-01 3.491457428411816610e-01
1.248658366493184735e+00 3.237587634312430129e+00 1.850755779209590113e+00 5.193468222419843627e+00 1.565163543018598169e+00 3.548965936643705188e+00 8.901244955219215216e-01
2.050298786613822255e+00 5.673229094534518069e+00 1.720785037955720354e+00 6.113166280890309778e+00 1.131442389520078917e+00 4.039776301379872869e+00 1.472256882334129324e+00
3.865799138623831066e-01 1.064862998467314137e+00 3.668210199609553968e-01 1.406956260560793037e+00 1.891925795993224524e-01 9.527361695416217691e-01 2.843399654906451079e-01
1.105754103057963622e+00 2.540279695743482336e+00 1.768008600101547589e+00 5.484101187929395493e+00 1.305581394498432912e+00 3.808815074046761673e+00 7.334360889558722008e-01
9.260457893604914226e-01 1.157957854620983440e+00 1.621464351426277872e+00 2.434788499126182976e-02 2.944168197505057982e+00 1.290487804165746155e+00 8.147131270080441023e-01
7.722607025542315151e-01 1.188201491394811349e+00 4.087388084606358163e-01 6.513016031474088141e-01 5.597779564140364927e-01 1.223227891519566013e+00 7.231291275528560769e-01
1.218063448128836462e-01 2.329402261186599432e-01 5.599184542440126255e-02 2.660947335213963427e-01 3.555449347103521035e-02 2.645042166652620819e-01 1.604857684112231953e-01
2.092562703502410582e+00 2.220686103617092844e+00 1.826433868509669267e+00 2.180928395415346333e-02 3.545779786405949707e+00 2.433114840829023962e+00 1.435202848290437094e+00
5.750064138973292049e-01 6.777451453245436630e-01 1.518900972106121072e+00 9.461201514037401172e-02 2.738747586923325983e+00 9.122355156946374555e-01 6.195604388017054154e-01
6.893789663494906961e-01 1.557726141829381072e+00 1.565073522318686239e+00 5.105719055255524275e-01 2.685550473561268525e+00 9.265260671519148783e-01 7.732856661300246959e-01
4.044083802819774531e-01 5.117680137749617275e-01 3.658436991053529153e-01 5.051517569579309919e-02 7.342301801227214542e-01 2.525064085829225591e-01 3.071760089863844745e-01
5.443289306217971024e-01 8.608803435387879510e-01 2.132654083458482397e+00 3.931740121125665288e-01 3.739636061907670062e+00 1.222354149099077469e+00 7.218434188867860479e-01
3.467612032185664717e+00 3.767175060591091196e+00 5.082219543840564846e-01 6.743731692010914713e-01 1.174939491483942611e+00 4.748849392373855061e+00 2.720227015537963311e+00
7.410163689137899690e-01 9.493379386511205942e-01 3.056280069003070587e-01 4.770423674960134752e-01 4.341600576103167297e-01 1.091469898977917241e+00 6.108505496438841886e-01
4.329663161973199559e-01 5.426623712724593096e-01 6.696631729494635366e-01 1.227398179209838736e+00 8.958995898301629346e-01 1.275677695079249885e+00 3.489126031728220778e-01
2.366887567268767256e+00 2.438528826101967084e+00 4.509413900075942561e-01 5.156580245179644972e-01 8.655040350660772042e-01 3.101149229921622563e+00 1.707255554397717923e+00
4.071117611903138034e+00 2.718913311297093571e+00 4.282147620126968590e+00 1.041058986062327885e-01 7.593363140698220271e+00 3.174154191531421976e+00 3.065389198050036956e+00
2.385885153944598436e+00 1.482010251027384484e+00 1.762834924463029473e+00 4.143304641942691102e-01 2.187010490757491432e+00 1.239787636751496391e+00 1.665755450266327431e+00
2.010442712554342481e+00 1.063806765120558495e+00 2.308563385722041339e+00 4.014744720904601105e-01 3.576792458130882757e+00 1.038911683262422780e+00 1.367797993968246306e+00
4.131309855483559446e+00 2.348896514339522401e+00 3.561183913037438753e+00 5.354861177059981880e-01 5.131374896580023659e+00 2.101087994273208359e+00 2.861455766386073130e+00
1.890907673019800228e+00 1.779669522324219599e+00 1.236620425510784327e-01 3.044884602661225223e-02 3.745288655619313789e-01 2.053812931091393068e+00 1.200200566286191872e+00
8.420856360676435282e-01 9.654828976328574397e-01 7.949553932748779084e-02 4.098818876354971136e-02 1.160002633917142506e-01 7.625854002223280137e-01 5.801727712800962555e-01
1.043072481337941726e+00 1.161372488789118806e+00 2.078232003699281849e-01 2.555910543298389737e-01 4.082974626439489496e-01 1.147710568800330178e+00 7.477736900770994843e-01
4.185638620444403379e+00 4.146484367314068997e+00 3.941638680822713292e-01 1.586212297282323380e-01 5.704099472888869427e-01 4.244331144038179460e+00 3.071145207157980117e+00
